2.297086243067115952e+00 9.662344095647583675e-01 1.109761884894641781e+00
4.262911574293180017e-01 4.761966670125761247e-02 1.014992141723872893e-02
1.381633987487512316e+00 3.139161781749552071e-01 2.168586304943518894e-01
2.348377148985291429e-01 2.857110886760172441e-02 3.354786959292345438e-03
1.233772540536659967e+00 7.916531877323340627e-01 4.883599823262336770e-01
6.061836767041470786e-01 1.742801070089463611e-01 5.282287802153765727e-02
2.392396795250008257e+00 9.054478905107121722e-01 1.083095315761854138e+00
9.565382952287201590e+00 6.240902119706381868e-01 2.984830937136624396e+00
3.466508290831455952e-01 6.200204863516519671e-01 1.074653078211676716e-01
1.903861142636602832e-01 7.218687164682329183e-01 6.871688996844138586e-02
