-2.373243557911720314e-01 1.412787357848674930e-01 2.089849918704156546e-03
-5.227206137843755096e-01 4.332408809128847071e-01 6.395796250820769135e-02
-2.303760749112503561e+02 7.033614714758573694e-01 7.003149870371828678e-01
-3.304879695486842905e+01 4.707232837423348526e-01 4.566933348275342697e-01
-7.449182628812035523e-01 8.630733944951671788e-01 2.254437248121866078e-01
-1.303436960980403070e+00 5.265638155127533304e-01 2.444889476990743105e-01
-1.370858488729392199e+00 3.564885455768805889e-01 1.718861282554615122e-01
-3.984057288563610522e-01 5.940499049342141680e-01 4.827719342064631242e-02
-5.296756196469125655e+01 3.818308763121226468e-01 3.746897307790898468e-01
-2.014013480069050033e+01 8.352982368957638792e-01 7.948367362661941105e-01
-2.133529465740635969e-02 5.297812082757860086e-01 2.335684356389828198e-21
-8.459723749238015955e+00 5.502463417311098670e-02 4.889004560575363478e-02
-2.027345706718343965e-01 2.119933143981945767e-01 1.528056824128259852e-03
-4.709106339331786018e+00 3.765482106863048406e-01 3.045062377430743927e-01
-2.667478096694156017e-02 1.637389863052970407e-01 8.571624503504387729e-18
-6.466806510073909386e+00 4.606186980075527293e-01 3.946245277765638160e-01
-1.553494897214348782e+02 9.199732078932481016e-01 9.140702688264835674e-01
-1.142161425574209943e+01 1.242011358526868836e-01 1.137893596076620661e-01
-3.222977247851589677e+00 5.261580562981214015e-01 3.858040236209736018e-01
-8.921362167723463354e-01 5.536770449394081695e-01 1.804902040180219880e-01
-5.226677079820290572e+01 9.987890774782770542e-02 9.798612771910644725e-02
-1.761788482186211757e+00 2.409909464456081452e-01 1.366133043219384113e-01
-7.986327207165084818e-01 1.845388966404840625e-01 5.275825387892716517e-02
-3.791148327082489278e+00 1.618855592135868271e-01 1.243521348619657102e-01
-8.627294045117923915e-03 1.296236183783849860e-02 5.930480300250989872e-53
-4.817495298046932994e+00 2.739769283697400803e-01 2.226201939686618392e-01
-3.038309537074447064e+00 3.718100842615051915e-01 2.675356447013174654e-01
-8.824772092474896246e-01 6.673281392353435093e-01 2.148861058292551862e-01
-1.452137753787416941e+01 6.752177227452005326e-02 6.302844345500871470e-02
-5.697408948609873569e+00 6.605479629874020375e-01 5.542142559376416200e-01
-6.949598190246095264e+00 9.972802702236180927e-01 8.636249879376874938e-01
-5.384909086295101233e+00 5.648545451266770989e-01 4.691225801365144776e-01
-1.168385955023548695e+00 3.704702688871024385e-01 1.574159445406843327e-01
-1.352728424742381808e-01 2.969517142871044291e-01 1.828850848088401618e-04
-1.718662235103595393e+00 5.689796755884115598e-01 3.179826498651870392e-01
-2.373447476360654917e+01 1.322221768955628152e-01 1.267670133194400417e-01
-5.784428429397456828e-01 4.620578096934097045e-01 8.201570350764042505e-02
-6.513807144601461374e+00 3.566498217505789103e-01 3.058926913878461384e-01
-6.336156111048532935e+00 8.320974034126918939e-01 7.106109629066937883e-01
-1.180834339639177388e+00 4.047663889794455017e-01 1.735474835914736225e-01
-2.217175459649881331e-01 9.201864342345174030e-01 1.011817527710404466e-02
-1.580631600775195693e+02 4.137336684903303308e-02 4.111244098665262081e-02
-8.251845792550430048e+00 2.899433713087895548e-01 2.568521491897041154e-01
-2.140478502177707298e+01 8.375545934591369646e-01 7.993252402323448580e-01
-4.333754672829372434e-01 9.284305242744922415e-01 9.239081830327725009e-02
-2.163120734246729349e+00 8.622896104246802196e-01 5.431014543490413349e-01
-3.924315760831009747e-01 5.391885989813122171e-01 4.217596411561191222e-02
-8.222749015322117216e-02 6.275994930730328658e-01 3.281414248676923801e-06
-9.416691793391978038e+00 1.734152434399625076e-01 1.559436248375753731e-01
-1.537479552142009176e+01 3.863194265774054781e-01 3.619923365401229720e-01
-6.684467158258160957e+00 1.062049499545099085e-01 9.144796865655172025e-02
-1.097949934311293507e+00 3.828649144644238334e-01 1.539909572392715864e-01
-8.799867052945828050e+00 8.263395642216557757e-01 7.375749449386385104e-01
-8.129083278546013203e-01 4.447284178957918721e-01 1.299711872912808486e-01
-2.079017538774688205e+02 3.573022909968426308e-01 3.555878063673624245e-01
-1.246692354960922344e+00 6.754317619436529530e-01 3.028475744997013996e-01
-6.969227626748403459e+00 2.626016841008849134e-02 2.275000485068545686e-02
-3.204548676186199874e+00 3.791395158328325632e-02 2.775074637249435108e-02
-3.036039254934445353e+01 5.788145113514147067e-01 5.600602769503072453e-01
-3.673590464356513152e-01 5.723520457487057955e-01 3.762323325226555465e-02
-8.655408096978570498e+00 7.861551496280653195e-01 7.003774904617555697e-01
-1.386384713518278744e+00 5.935214856418867813e-01 2.885224518555075113e-01
-4.429044312252446502e+01 1.276934970826194560e-01 1.248427073960237249e-01
-1.157668069389848453e+00 2.742892363014072243e-01 1.156279484806850139e-01
-1.213985503051534920e+01 2.867186365208230781e-01 2.640472508910592375e-01
-1.610819391433493397e-01 8.395840451791988235e-01 1.690266084669567095e-03
-1.131749532624511545e+01 5.100839960185042932e-01 4.669474092367071894e-01
-1.772129758456596704e+01 6.554751395931419644e-01 6.195113983611147956e-01
-6.303618997817209690e-01 4.376258821965912649e-01 8.956584923422718225e-02
-7.279449778272347515e+00 3.792160406215977497e-01 3.305417750006016675e-01
-3.114171236019270594e+01 5.233609088430145606e-01 5.068220867096998594e-01
-1.891444369839419881e+00 4.990064119949443322e-01 2.941007674438404496e-01
-1.325755001101651942e+01 2.544089699128552207e-01 2.359250977001673411e-01
-6.820626808478089664e-01 3.904855286617270327e-01 9.012972302348154496e-02
-3.711971634181478130e+00 3.916724856341341487e-01 2.991746104455022537e-01
-4.670166187678486125e+00 7.322744647795553785e-01 5.911266268954207259e-01
-2.998565953268615658e+01 4.694822868357042545e-01 4.540835878997208086e-01
-2.191487525379773160e+01 9.049993309016259868e-01 8.646312350466475172e-01
-2.276958900954927589e+00 4.597076510100739366e-02 2.963106706296579629e-02
-1.308416978435916356e+01 2.758449993190921212e-01 2.555481578264766629e-01
-2.599113484573711386e+00 5.472259345896003380e-01 3.724546142987695818e-01
-4.280830232512881084e-01 6.605886368215473370e-01 6.388827461852143730e-02
-1.871993176196183128e+01 2.212954768214603352e-02 2.097842894254628443e-02
-3.083770208831879245e+02 6.523482614029429971e-02 6.502362632723980573e-02
-3.004651602373700658e+00 6.212937228111009569e-01 4.454061956068132710e-01
-1.688835091129509802e+00 6.069385809062441961e-01 3.357287279655318257e-01
-4.194709204815537662e-01 3.099230382641944281e-01 2.857032300725024718e-02
-5.255007507985164139e+00 1.768686942006546525e-01 1.462200869177055218e-01
-1.016244691402485074e+02 1.417583218222140395e-02 1.403702393697663781e-02
-6.646146901978471355e+00 2.944305989404624180e-01 2.533014288418326543e-01
-1.543915863977910696e+00 2.962746983443382831e-01 1.550245312156971755e-01
-8.012272141239565881e-01 6.320441769594703496e-01 1.814307207567084634e-01
-1.065071445441552189e+00 5.468854795729507501e-01 2.138629244290048415e-01
-2.269129110081582024e+00 1.911774185238170887e-01 1.230393448180719246e-01
-5.280083000497832302e+01 6.698680835932211419e-01 6.573007699287685135e-01
-1.983687571418041751e+00 2.542814986775302488e-01 1.535966903491660374e-01
-3.930457190556695846e+00 2.120143189185919042e-02 1.643881642144832261e-02
-3.295064313159677960e-01 6.863420802591472247e-01 3.300087354882905166e-02
-1.324313992654801098e+00 1.812233881956344383e-01 8.516772329066205072e-02
-5.746173149329167895e-01 5.617415388385242903e-01 9.856864249703561898e-02
-9.537711751125594883e-01 1.232473405628191632e-01 4.319495567133600084e-02
-1.539713147593365083e-01 6.442725286316214328e-01 9.737560854689464741e-04
-1.039251522358875235e+01 4.181888876783516062e-01 3.798248091628976808e-01
-5.409691275025716450e+00 4.506805972514198455e-01 3.746174778143340767e-01
-1.769978307207662249e+00 5.443210579279720296e-01 3.093769935488246969e-01
-7.339848757812712066e+00 6.931419543087616875e-01 6.048570984142842555e-01
-2.749822603730973203e+00 9.315680198895068820e-01 6.475586617433548575e-01
-4.530757916586999889e-02 2.936369423143926349e-01 7.626754857421637852e-11
-6.249557141834797847e+01 5.535711265335431230e-01 5.447838515406631110e-01
-8.889806605733514555e-01 6.655837226072474078e-01 2.161084944151531462e-01
-1.918928233661485461e-01 4.467181690457803223e-01 2.436799729231452043e-03
-3.243852706080540660e+00 5.795728291722050951e-01 4.258196619296012453e-01
-1.810309778019532911e-01 2.055555040066319172e-01 8.202054832281356319e-04
-1.112557094311133588e+00 8.402059526566726388e-01 3.420020624671369358e-01
-3.911051340133406828e+00 3.534889761291185595e-01 2.737366668200926223e-01
-1.999047208984603117e+02 3.863482575966359356e-03 3.844204215046666609e-03
-4.009664034148482870e+02 7.448972622282677980e-01 7.430418220961075848e-01
-3.039294574838268925e+00 7.427244333801819032e-02 5.344837750082619132e-02
-9.908091787612960388e-01 6.991757746470752544e-01 2.548375034094665925e-01
-4.300568670780303693e-01 8.874581309384091954e-01 8.675494878121936537e-02
-5.369517152018131512e+00 4.818915597153766717e-01 4.000072308204087879e-01
-1.302059706203017031e+00 2.379910476173799916e-01 1.104120329272228335e-01
-1.093652133829274575e+01 7.211216837566457594e-01 6.581093749794788561e-01
-7.672235151046914448e-01 3.821973233791237101e-01 1.038072582984053277e-01
-1.715273846038678218e-01 2.783502368438469654e-01 8.178366047310242160e-04
-4.165301644242614998e+01 6.760469844935550476e-01 6.600098190185059721e-01
-6.954852697392505112e-02 4.059656490181970945e-01 2.312106869815923803e-07
-5.211281643647492956e+01 4.875060818278108554e-01 4.782404447016312954e-01
-5.717248204850090554e-01 9.852542992529343957e-01 1.713668486427497861e-01
-1.240088570602463989e+02 1.056216344148133146e-01 1.047733328011387771e-01
-1.370726843747657187e-01 9.033479475689509819e-02 6.130604420504953179e-05
-2.175642595829468817e+01 3.129000275074411697e-01 2.988435842226266348e-01
-4.200995739148093655e+00 5.832610711674649506e-01 4.597101071157069230e-01
-2.335190794047101448e-01 6.899093528309103718e-01 9.528191012695478440e-03
-4.380541226826592549e+01 3.312252280308020103e-01 3.237495949216932511e-01
-3.231591754013464768e-01 5.562033461671841428e-01 2.519596040794803635e-02
-4.526837173814855220e+01 1.395699577379702072e-01 1.365205955038749086e-01
-5.987878464556181370e+02 6.515335258352186187e-01 6.504463464799459249e-01
-1.929909313563703988e+00 8.628499931234262510e-01 5.139272885833797710e-01
-5.085147494380883870e+00 4.469662554785703845e-01 3.671725756317729128e-01
-3.161518704783632927e+01 7.357461441901160804e-01 7.128384226046086125e-01
-5.524382027378419574e-02 7.582134587653400759e-01 1.043226424584665276e-08
-2.039493909615337497e+00 5.293003394369317771e-01 3.241603503911212880e-01
-3.420931458135267889e+00 6.478405994434349724e-01 4.836331338506107969e-01
-1.149245662448917793e+00 2.237397682702638724e-01 9.372337723540057064e-02
-5.382804420816440089e-02 1.366832208845573104e-01 1.168241819365308795e-09
-1.990970912162872697e-01 8.152056450128823961e-01 5.369663906462858113e-03
-7.884563894673215145e+01 9.491757677349510480e-02 9.372133821884463811e-02
-3.127771634574972648e+00 5.444814123620985713e-01 3.954867831596881600e-01
-1.186384800062799227e+00 2.903111338390871321e-01 1.249678347666897532e-01
-8.822481075008919982e-02 2.305562937131536705e-01 2.755421188190297077e-06
-9.700199879182529461e-01 2.221710149656542788e-01 7.924472356439128673e-02
-5.967247311753833827e+00 2.068619276998648893e-01 1.749447303668424381e-01
-2.533499015576673230e+00 1.919150728392332583e-01 1.293267202492719148e-01
-2.832609084803160981e-01 3.999875794328966450e-01 1.171792032500281605e-02
-1.238993199407024903e+00 4.573530033509365378e-02 2.040466403519518648e-02
-4.006869825817285236e-01 6.295602623481030280e-01 5.189943267720702191e-02
-2.964469223503416948e-02 4.924090198162728305e-01 1.102388687396741846e-15
-2.152975326220885322e+01 6.478752295340429734e-01 6.184712950152190247e-01
-1.270193361198735660e-01 1.003611924060090477e-01 3.823356493355993866e-05
-5.756585721315237691e+01 6.011739785659682145e-01 5.908209239443318328e-01
-4.852974208861777328e+00 1.031607704960094685e-01 8.395067688491096580e-02
-9.120634897743716607e+00 7.453953334183093249e-01 6.679900221418543227e-01
-2.690905285948677950e+00 8.844287750866112185e-01 6.099151429894049681e-01
-4.773096708752604833e+00 1.512923256849196818e-02 1.226955770921678117e-02
-9.317431464478659109e+00 2.306203927256663677e-01 2.071508603111990032e-01
-2.619298150873545978e+02 9.094874796460252764e-01 9.060218430271583800e-01
-1.018713879155994650e+00 4.470259169138389721e-01 1.675005568721205929e-01
-3.780067395366475846e+00 6.660359569518736755e-01 5.112190208746084652e-01
-1.742148599120150410e+00 4.435730538242100840e-01 2.498494811493323364e-01
-4.425982620539279933e-01 3.919054445517140550e-01 4.092066997848538279e-02
-1.661643017488014129e+00 2.437961676686449808e-01 1.335556862552372825e-01
-3.170890776399226674e-01 3.272987733067278526e-01 1.397381880923222360e-02
-7.902920751345141603e-01 7.664698741370284951e-01 2.162511428703046690e-01
-5.287779083828432203e-01 8.688798735206576529e-01 1.311119769308417282e-01
-4.765395539245750989e+00 4.267335039622701665e-01 3.459566701384803600e-01
-8.956988335432971127e+00 5.203942411297457493e-01 4.654208318826767443e-01
-4.299599899666250558e+00 1.776055016719837454e-01 1.407499663116449085e-01
-2.859322723875609373e+00 1.609700826012914199e-01 1.134639715737158078e-01
-1.755639721482394444e+00 5.416022013515786604e-02 3.064145245832873218e-02
-2.007198533892575187e-01 1.483323011597466046e-01 1.017538859154295573e-03
-1.650802293530848175e+01 6.594940883491646755e-01 6.207301226391428450e-01
-8.114599959457015288e+00 9.022243933349043399e-01 7.976170524817041141e-01
-1.461317897476161587e+00 4.739992946204631963e-01 2.391024296112973790e-01
-4.751029197848409269e-01 8.849900390748510759e-02 1.078530105979890602e-02
-1.576671060482750963e+00 2.743588216730981078e-01 1.455018954753650451e-01
-8.792852896514516958e-01 1.926899828337834686e-01 6.179332091949023970e-02
-2.563897090536183532e-01 4.502503516360404356e-01 9.111079630150826711e-03
-6.499581930587975398e-01 6.670502747209569039e-01 1.432089741635611535e-01
-1.277782025830323631e+00 9.625583359988090226e-01 4.400941051240631618e-01
-5.969977194882498139e+01 4.831091148394901502e-01 4.750842021614304911e-01
-8.238594735921553891e+00 8.217626099531077921e-01 7.278330056375569290e-01
-5.546821147561433740e-01 4.673510072371938051e-01 7.703394681395060728e-02
-1.067607411038253851e+00 1.450053268929074601e-02 5.683183115814379426e-03
-2.317335998017629350e+01 4.560548456167878850e-01 4.367932966852702270e-01
-2.313209428948056756e-01 3.659770924862874031e-01 4.852881382442478589e-03
-1.637002770351914327e+00 9.222869470539063474e-02 5.006883652830025622e-02
-9.159936484253419664e+00 8.725965004432167937e-01 7.823499818237132919e-01
-1.045490328235745991e+01 1.329989491913610156e-01 1.208671885197435264e-01
-5.880508821938785768e-01 8.903672628537706579e-02 1.625687379188965262e-02
-4.862694876846609948e-01 2.227565523637335954e-01 2.849152373015742534e-02
-1.421699222899233064e+02 1.761566818431183901e-01 1.749219719947678608e-01
-3.310595454831831708e-01 5.286950812856621162e-01 2.578536846704354221e-02
-1.325330078725976080e+00 3.079356682565446146e-01 1.448012157519606435e-01
-2.892891400068715591e+00 9.484821565145307165e-02 6.712811549065091088e-02
-8.377550014922702459e+00 5.705048194819591911e-01 5.063129602912066485e-01
-1.661470784274289514e+00 1.093345008728706658e-01 5.989156223943102597e-02
-1.093119293918956236e+00 4.614128163831270335e-01 1.848380220817382735e-01
-8.719606136417612063e+00 4.497847764886504507e-01 4.010496017403487046e-01
-5.972533048301046144e+00 1.872041057470851255e-01 1.583434407833237967e-01
-1.425479566401071807e+01 6.175868978023617561e-01 5.757467845801024220e-01
-1.030962816637849677e+01 5.814596693324167731e-01 5.277089520755643415e-01
-4.762116343502314386e+00 5.921027541691817886e-01 4.799536426319414018e-01
-8.845588753330732246e+00 1.488284576949185922e-01 1.329194960521337121e-01
-7.185987649965332480e+01 3.657329332362808660e-01 3.606786532999552430e-01
-1.201483835859870286e+00 1.459324945951269159e-01 6.348730626869623916e-02
-8.433221059676256903e-01 5.720000997431603507e-01 1.747493441960448479e-01
-2.701013063751528609e+00 8.946506298550079839e-01 6.178228884349454830e-01
-3.996858817005635722e-02 7.732361924170516598e-02 1.052972877788413071e-12
-2.632226889420194116e+00 4.503975099065355980e-01 3.080382883230604607e-01
-1.365596979725933124e+03 7.362230475073654468e-01 7.356841230931060460e-01
-6.462269511724835214e-01 4.809309584931774628e-01 1.023378659467241575e-01
-2.544860587317876366e+01 6.849670461000135768e-01 6.585733113674397954e-01
-1.081341453778649608e+01 8.159177265642436616e-02 7.438473189934226293e-02
-6.306252613434450538e+00 7.683230582282901677e-01 6.556568219245194618e-01
-1.462871881861738776e+00 1.059161325400959086e-03 5.346679013222578863e-04
-5.035218660279304714e+01 8.719262826183985515e-01 8.547805517322805136e-01
-1.708077629657020813e+00 2.831499637980938733e-01 1.576729861408207034e-01
-2.676220862047015814e+01 6.058377628489737265e-01 5.836176785181800275e-01
-2.938499950016958184e+00 8.671693440365447758e-01 6.170342864362280411e-01
-5.554216816423517500e+00 6.162732811192033200e-01 5.147323813485427113e-01
-1.671889295884865012e+00 5.513351733835614166e-01 3.031468063876610608e-01
-3.466948747386690144e+01 8.847460985364306030e-01 8.595911787669873183e-01
-3.410808729832528474e+00 9.975276248446200977e-01 7.440395883875978722e-01
-1.517826053415428422e+00 1.774686830631899692e-01 9.183166161139477701e-02
-4.658063800264823640e-02 2.295233827535725357e-02 1.089755345415134537e-11
-2.214082748158467062e+00 6.196471709068036571e-01 3.944513981347794740e-01
-1.945420236013693405e+00 9.949979491002961529e-01 5.950901574100514457e-01
-9.602644633715254341e-02 9.674601506845870169e-01 2.903876522853180475e-05
-4.845504545180169265e-01 8.148867696094370672e-01 1.034698843326015416e-01
-3.065891672494744924e-01 5.303742615128417270e-01 2.032576037089169757e-02
-8.287792788391278975e+00 3.961799875487306277e-01 3.511485083499699678e-01
-9.356628492724415880e-01 2.931259743416535501e-01 1.006693539325278219e-01
-2.693810319872867787e+00 2.513812608826491157e-01 1.734257178535830446e-01
-6.734198830651197731e+00 2.764295406446939385e-01 2.382832753937811077e-01
-1.254521280902403113e+01 5.911246488039417768e-01 5.458341778081418072e-01
-9.144970972275538170e-04 7.964735319976841144e-01 0.000000000000000000e+00
-1.515152356795911093e+00 7.569022301092903637e-01 3.912060711357107090e-01
-3.531057006591635794e+00 5.312908942983785021e-01 4.002576145854180312e-01
-4.960495983805925135e+01 8.696176175981288337e-01 8.522622806277098118e-01
-1.035643301209264706e+02 7.208166869110298469e-01 7.138900953250327808e-01
-2.746193013652382888e+03 8.530265873799475207e-01 8.527160224301275626e-01
-1.411861474827387664e+00 3.365002868968014482e-04 1.657224195759072582e-04
-1.416898660790457454e+00 4.182862396745301581e-01 2.065204018647751605e-01
-6.006624817685348727e-01 6.285916053493056932e-02 1.189440602437188792e-02
-2.313112318215542640e+00 3.396228059255734788e-02 2.204162153325569390e-02
-1.797036296325433824e+00 7.377642388719740651e-02 4.229070971974811799e-02
-1.633574350629422023e+00 3.179824828141168958e-01 1.724042014559848124e-01
-5.719488922432125477e-01 4.361601552893016320e-01 7.591403163918516994e-02
-2.263930604268187263e+00 4.275172141637195722e-02 2.748663287814982759e-02
-5.698367647903623379e+00 2.759178924855603121e-01 2.315080110517732936e-01
-3.442487117298851729e+01 5.037666423097678647e-01 4.893433470770953142e-01
-2.703060650098464482e-02 3.202744554119748566e-01 2.746340379202270428e-17
-8.010500491165720049e+00 7.343809315996234766e-01 6.481950988285075654e-01
-4.626978400711439399e+00 5.686522891955956283e-01 4.581265196193002875e-01
-3.845853568463084571e+00 7.318025625947731649e-01 5.642460718709727541e-01
-9.019796544577632358e-02 6.432243799753937230e-01 9.850520797996981407e-06
-4.708729383266312851e+00 4.707654840797323992e-01 3.806911981091066766e-01
-1.026240195306553186e-02 6.264574180347900478e-01 3.005397488283189838e-43
-4.547619991357480629e+00 9.574930467545098578e-01 7.684866695992964569e-01
-4.382259798099892834e+01 6.738613656366020388e-01 6.586584559103774161e-01
-1.980501855482799556e+00 2.849895887318070198e-01 1.720061311919481029e-01
-1.698283610793868692e-01 7.082963364284688979e-01 1.963177931545102752e-03
-1.090204182613962347e+00 8.458589133023114437e-01 3.380159920517650796e-01
-3.719208326648231755e-01 6.995867497640967381e-01 4.754827705709917252e-02
-5.609525184176542112e+00 3.243014252096941830e-01 2.713488331792956454e-01
-1.418167668622005806e+02 9.558883409945341247e-01 9.491717438196871637e-01
-3.759138409113327306e+00 6.295538113463440277e-01 4.825057937658432383e-01
-3.324354763842849891e+00 1.954106420752277362e-01 1.446465162912414504e-01
-3.869902330689626302e-01 1.169581557141821104e-01 8.826615841502996954e-03
-9.269131902096797715e-01 4.814278442907656830e-01 1.636789164829165477e-01
-6.325211829458383672e-01 5.954681224867827138e-01 1.225321122998296042e-01
-7.516753951721827143e+00 2.333726560657933824e-01 2.043022283487119228e-01
-3.419823035068514372e+00 3.046778407812785749e-01 2.274299245927162150e-01
-5.684027993708432591e-01 4.578568070062515316e-01 7.882582975968174810e-02
-3.670824125745492772e+00 1.118898392526472829e-01 8.520809309505524010e-02
-2.489074310804080259e+00 7.768162903420636756e-01 5.198020699046904669e-01
-8.731974681527308491e+00 5.925892705789956860e-01 5.284667536264051613e-01
-2.655237678771746879e+00 4.822627560082617393e-01 3.309194469712523623e-01
-1.364743121544080395e+00 8.572214664725259503e-01 4.119729449645126995e-01
-4.974261868082853866e+00 6.974971421069250388e-01 5.704717008996508243e-01
-1.141940681540773994e+01 8.141412404085154320e-01 7.458791890265143998e-01
-3.246595657280900049e+00 7.265886681096999089e-01 5.339731589705805082e-01
-4.465140931743601271e+01 9.740412560430612432e-01 9.524693713267660122e-01
-2.498599555426885832e+00 6.967424230018395281e-01 4.669357158688738352e-01
-1.383068198384665770e+00 8.402997162538194953e-01 4.077802752472740044e-01
-9.957018112697473278e-01 9.243802546828843170e-01 3.385957016435429123e-01
-1.557993440689197095e+00 7.162555196730077123e-01 3.769775921271622532e-01
-4.284039231917407875e+00 8.760861795242145256e-01 6.937002135166051575e-01
-8.864804768823341119e-01 9.287890670021105022e-01 3.006134534045843409e-01
-9.247618337675628242e-01 3.477457254128661912e-01 1.179324534657511664e-01
-7.570440951196512458e+01 7.606413970702838867e-01 7.506599482975809812e-01
-3.766795939880262267e+01 5.817548182153120528e-02 5.665137335537888397e-02
-6.071738805700329067e+01 5.026140321071581596e-01 4.944039012949961731e-01
-5.237346430977950912e-02 4.501520104673040201e-02 2.296663184470107820e-10
-4.863249955919745071e-01 5.984759994886388323e-01 7.656563080713996161e-02
-1.166879445177694041e+00 1.213630746112641656e-01 5.151124383713662908e-02
-9.353152202649207325e+00 8.840965940217736518e-01 7.944503558254276676e-01
-2.992604043837715846e-02 1.458135093593379006e-01 4.482679467488318152e-16
-1.284618266743280390e-01 1.949192430084905059e-01 8.111978914333771939e-05
-1.326458942548969677e+00 7.950320916896692625e-01 3.740896954080875081e-01
-3.660758443984505478e-02 1.940795747619342704e-01 2.657472620157930249e-13
-1.300745450332952302e+00 1.643016062911619724e-01 7.616590140537106424e-02
-2.566619527276690960e+00 6.670471023143622613e-01 4.518015868265533586e-01
-5.719910548848352594e-01 9.546664685519435922e-01 1.661818953378170483e-01
-3.068620621853059394e+00 5.993545690075097188e-01 4.326694486428844799e-01
-1.101707706631106731e+01 4.896086011593335785e-01 4.471249661521496943e-01
-9.290911513316341086e+01 1.373229627836255462e-01 1.358528531053652955e-01
-8.276862031525125118e-01 9.750545716879203129e-01 2.912861422953906265e-01
-1.149753253087748845e+02 5.764560809817884657e-01 5.714640841090402601e-01
-1.589671477178983050e+00 4.846883249873801258e-01 2.583835896895842477e-01
-9.708686227596529106e-01 6.496439717877887654e-01 2.319261492918386347e-01
-5.055653440464874526e-01 4.532020271351693275e-01 6.269955319160913643e-02
-2.204550329982126466e-01 3.071247261444082222e-01 3.290967177954739163e-03
-7.827556987020733459e+01 1.441184679793405810e-02 1.422890109464688274e-02
-1.631455105625992719e+00 1.294955877257376597e-01 7.015429694966562879e-02
-4.518371146915325237e-02 7.558683802869959889e-01 1.847980718276218897e-10
-1.354118716628190100e+01 1.430472931582044138e-01 1.328640637122928403e-01
-4.877015975932079250e+00 7.853398565594138514e-01 6.397472327935818104e-01
-4.737951231789017115e+00 1.191704269992848175e-01 9.649516823286038991e-02
-2.173812396298222538e-01 6.896061674120996798e-01 6.930331748961993631e-03
-1.444829057581105580e+00 3.719060001709328933e-02 1.861434726044555732e-02
-2.125565008004014544e+03 8.372721089331315314e-01 8.368782959074989591e-01
-5.221585495109421515e+01 4.742419483298555560e-01 4.652460287546866802e-01
-2.537110001065710208e+01 4.990935240943116247e-01 4.798044266457318630e-01
-2.213553042394452997e-01 7.148759407077774908e-01 7.802819760106880116e-03
-3.820716709590110227e+00 1.893513635335474232e-01 1.457471625022773165e-01
-4.471764035623566613e+00 2.073729815477578509e-01 1.658184673602833281e-01
-5.516502181139321337e+00 9.708079865362760907e-01 8.098543474281200139e-01
-2.958177772163850250e+00 1.166410051016414373e-01 8.318399325103294217e-02
-2.873710108165995791e+01 3.912267190894677116e-01 3.778468727357264245e-01
-2.711001010019120638e+00 7.324334721226618550e-01 5.064902504366072256e-01
-3.534521932737284100e+00 1.614101879659742833e-01 1.216350517843421547e-01
-5.946890050484916479e+00 8.700391257901615161e-01 7.353768320552981352e-01
-1.664853015974227617e+02 2.364404961651774828e-01 2.350245644324641670e-01
-6.502208609148465990e-02 2.079751619315384215e-01 4.353388210097087353e-08
-2.524468880244190245e+02 4.419020877930958102e-01 4.401550747558873322e-01
-1.407818831115499991e+00 6.671809508855105486e-01 3.279111310021930459e-01
-2.041366832071069837e+00 8.937920401130970971e-01 5.476329545257242470e-01
-8.319020733922286581e+00 2.816303868790867027e-01 2.497321816881052370e-01
-1.118278726390971312e-02 8.488751357752901683e-01 1.238413441295635255e-39
-4.317647242915437999e+00 3.164064636421937138e-01 2.509917436677784885e-01
-2.432082881020379972e+01 5.582118424197426432e-01 5.357252928958203819e-01
-2.620572271782485974e+00 2.924977387113577576e-01 1.997089179764983402e-01
-1.506637372801217789e-01 9.105223224140351901e-01 1.193298386286563255e-03
-3.889683587411263854e+00 2.356996261094036482e-01 1.822661357235811908e-01
-2.607034674822303333e-01 1.849982752531876828e-01 3.993112091914885475e-03
-1.790001473517608943e+01 6.944323114558658139e-01 6.567010012987521961e-01
-1.118644967085307584e+01 1.530380867474691042e-01 1.399510832050078479e-01
-2.205462379407856943e+00 4.003451063812923927e-01 2.543998602404273779e-01
-4.481379846131774869e+00 7.278063391783693437e-01 5.822439037892331859e-01
-1.726408763820035164e+00 6.655058603918395654e-02 3.729000223560643285e-02
-1.150839776948348936e+00 1.756383594057244757e-01 7.366268902506596661e-02
-1.659304982172517429e+00 2.450470572410756720e-02 1.341271590515884064e-02
-3.064210299066025982e+02 6.512583129173649121e-01 6.491364063929133676e-01
-2.137158113037042062e-01 2.090114871866973756e-01 1.941145435787913808e-03
-8.724247120871212458e-01 3.277557107114813517e-01 1.041714222659831102e-01
-1.640523897159951616e+00 6.559752586378002626e-01 3.565810984972352937e-01
-1.689222810024896826e-01 4.019180267560039654e-01 1.079357526080453478e-03
-9.353984253393136328e+00 2.476772437685959005e-01 2.225652118798032431e-01
-2.551668107486730341e-01 5.083090102060844329e-01 1.009544748837361457e-02
-7.485549455925198714e+00 9.761171292699850621e-01 8.540518112708775922e-01
-5.974573087819395667e+00 8.960230144390000095e-01 7.579293099838139147e-01
-4.021405815210474088e+01 3.920351311945569073e-01 3.824066343902667309e-01
-3.093653040759846151e-01 3.333535893350407786e-01 1.315470144154936259e-02
-2.915265519080717294e+00 6.122760150038075722e-01 4.344849286275591083e-01
-1.574862880405516705e+02 6.596407857361038518e-01 6.554654956867056459e-01
-2.209448733261845632e+02 6.230083442752961664e-01 6.201949701212541299e-01
-6.203669729014424661e+01 9.387353252444993190e-01 9.237246962479813694e-01
-2.478905013796474655e-01 8.752153953956492982e-01 1.549365866332820356e-02
-2.294716664927288097e+00 2.190928082356969897e-01 1.416999471420273549e-01
-1.126496519970581112e+01 4.525315694164635527e-01 4.140914010551893232e-01
-2.125430498155920223e+00 4.365176604856224607e-01 2.726900805925213112e-01
-2.001652698087631466e-01 4.990686697794166626e-02 3.376609281561330491e-04
-1.272340061546463197e+01 2.181028758806853318e-01 2.016173348732966941e-01
-3.403284872926356286e+00 1.849940804463382493e-01 1.378946605335839570e-01
-6.836367993767232747e+02 9.583294191232283321e-01 9.569286331265612899e-01
-3.228666026563745128e-01 4.665931262321597606e-01 2.107743939557291807e-02
-4.254850816089645882e+00 5.468932052429166246e-01 4.323466424737856806e-01
-8.300114200367395556e-01 7.490161250944207261e-01 2.245184332849859687e-01
-3.273809167882031801e+00 2.178135436658719115e-01 1.604824857975774843e-01
-8.722860211719839496e-01 2.223561022829880773e-01 7.065912089380807504e-02
-2.110196264189309190e+01 5.738942603686354449e-01 5.473323512167230787e-01
-2.429842768518810370e-01 1.300152478411229495e-01 2.121575784367599193e-03
-8.756088131647508987e+00 9.061900206122952550e-02 8.083885072013866080e-02
-5.471029262256740111e+01 8.235818518963111678e-02 8.086650838072666214e-02
-7.229305812261530129e+00 7.207432493786752881e-01 6.276339426048193060e-01
-1.187979503541730653e+00 1.779778783166010570e-01 7.669940100767597135e-02
-5.235886095772542603e+01 6.337401231125346923e-01 6.217511957992041260e-01
-2.451723958129348735e-01 2.191173716199938948e-01 3.709306470562528067e-03
-2.349644888773006368e+00 3.502485085263723485e-01 2.288454076132226123e-01
-8.013025301703010639e-01 6.476908031499113427e-01 1.859439570223073157e-01
-1.499373376508959055e+01 8.257012994384215210e-01 7.724278118213639965e-01
-1.083427848897144941e+00 7.759652554081922782e-01 3.083117200003874236e-01
-6.848868942974440932e-01 9.693983064367093228e-01 2.251080421033750945e-01
-7.780655048541376129e-01 3.463566250081028253e-01 9.579688044388669221e-02
-5.479052019528262152e-01 1.182549028383382828e-01 1.906223669734251336e-02
-3.485120002593412369e+00 4.866670444883209878e-01 3.652733716844651091e-01
-2.564549423650666515e+00 6.323852824350872925e-01 4.281898996717717898e-01
-2.627062758286297139e+01 9.887395358647236288e-01 9.518101664805540540e-01
-1.284713172383896707e-01 5.926595905443153844e-01 2.467897728528325920e-04
-4.502715756192240959e-01 8.654537367640454670e-01 9.391329881849527772e-02
-1.062627637845317552e-01 4.946793324928413504e-01 4.048901932655919061e-05
-1.348362088969454087e+00 3.528404344648986557e-01 1.680691292945248327e-01
-1.119781829267410522e+01 1.070961171089456210e-01 9.794671554433560801e-02
-9.732580801430227524e+00 4.832102328512166700e-02 4.360269937482787184e-02
-5.133577851233136480e-01 5.669691666881528924e-01 8.082980427419224345e-02
-1.543583521155746263e+00 1.038280253595313951e-02 5.432001639151221202e-03
-1.407915222466697314e+00 1.886919495325063423e-01 9.274425414583041538e-02
-4.021973114621598538e-03 2.249021438334124490e-01 2.352555302020024886e-109
-9.829517912160891768e+00 7.634622550850278522e-02 6.896121220941972552e-02
-9.386579143755584553e+00 8.753411745045271974e-01 7.868822668408090859e-01
-4.817080143176574403e+00 3.113883534233837791e-01 2.530143538688498506e-01
-1.168662517141929036e-01 6.477936993684995093e-01 1.245288401716795944e-04
-1.366174284381606263e+00 7.463514566191981059e-01 3.589652471988376004e-01
-9.371281805263697029e-01 6.825088707350608352e-01 2.347886251507624034e-01
-9.648917415735814629e+00 4.373190496634025148e-01 3.942654643421147909e-01
-8.316535289512175799e-01 5.183562606165358355e-01 1.557479450277674538e-01
-6.642106484196426130e+00 4.011616764661378731e-01 3.450915975079291154e-01
-9.388001062137522013e+01 4.270390445421915482e-01 4.225144102959041970e-01
-8.819397930106580574e+00 5.323009923914951980e-01 4.752413022325216452e-01
-1.976517253909872318e+00 7.819643526602998440e-01 4.714762451124205334e-01
-3.825641545536778709e-01 2.825356125426691234e-01 2.069441674034574324e-02
-3.239624711381862143e-01 4.577723552762609227e-01 2.089677259429278955e-02
-1.111716010988317294e+01 2.992071009666398274e-01 2.734680918955208484e-01
-5.145344297892050500e-01 4.095435132755287366e-02 5.864712872000436492e-03
-1.477782931425504565e+01 4.220934619038434477e-01 3.944758123656070814e-01
-1.222588914214155942e+00 2.711709007790639170e-01 1.196789609144340016e-01
-1.545133096781653137e+01 8.979739507104230745e-01 8.416983669485819108e-01
-9.021953288452044806e-01 3.574301587101810229e-01 1.179820576664242088e-01
-1.033428707790913226e+00 1.928142657573420626e-01 7.326439510109195030e-02
-3.398283949067570919e+00 7.902504637576187596e-01 5.887983520668224058e-01
-3.090648711978151830e+00 1.872387882983550522e-01 1.354805485355256023e-01
-7.186444140846048878e-01 6.721597444066760296e-01 1.671659888046646281e-01
-1.357342491629176529e+00 4.740430480630933863e-01 2.269124825857225247e-01
-7.682837251623452213e-01 5.687879900065712091e-01 1.547646051752837593e-01
-5.117602810782559963e-01 5.322873921934323516e-02 7.542536851692014516e-03
-2.398591081849711770e+01 8.571664600385928701e-01 8.221649089277244249e-01
-2.563447166303159275e+00 8.624803841994549414e-01 5.838900497912704601e-01
-1.068450005975496353e+01 3.234324843471788613e-01 2.945347125650490394e-01
-7.383195320059170896e+00 2.291892056086092255e-01 2.001576238564686527e-01
-1.548353956936402875e+00 4.111189473743398493e-01 2.155160588982328873e-01
-1.698681463018303806e+00 4.955280063530863588e-01 2.750442473405589894e-01
-4.322398035315609954e-01 7.732773260777563440e-01 7.648595873022354108e-02
-9.025698683307448178e-01 3.061422879251937124e-01 1.010992309770112896e-01
-1.313217355715876833e+00 3.151871414663405258e-01 1.471831893681550818e-01
-3.023415982579113859e+01 1.846757726684078449e-02 1.786674999962421101e-02
-5.155749661740489209e+00 8.029743905597372944e-01 6.614038400686091945e-01
-2.570211364616522554e-01 2.977195876392535467e-02 6.082534479437365794e-04
-2.634530722899375288e-01 8.878763289159060657e-01 1.994722532664822828e-02
-2.915545303441296809e+00 5.472914730595018762e-01 3.883832100841270174e-01
-2.138672553980725510e+01 9.292040024117494967e-01 8.867564188376811929e-01
-1.020927410867665253e-01 9.925428878522291054e-02 5.531310276702111002e-06
-5.204626582202495806e-03 8.502075634368529977e-01 3.059128438310003254e-84
-2.481410255002711729e+00 5.071343819371214590e-01 3.389251815664162670e-01
-2.187017357087640335e+02 3.243016028530402162e-01 3.228221390245490929e-01
-1.240602332155557264e+01 4.400201811016073439e-01 4.059437426982447916e-01
-8.526585674107927559e+00 6.899780517412068548e-02 6.136222738582678554e-02
-2.887947872337709998e-01 3.925038050548373958e-01 1.230345175162792654e-02
-6.798228193318545998e+00 4.258096277532567031e-01 3.675631762510157552e-01
-1.809861694596979831e+01 5.005186276962788616e-01 4.736136834073634838e-01
-8.828259973611100042e-01 2.174642990176954838e-01 7.005696172539152555e-02
-4.372962432834823332e+00 1.685345522957166775e-01 1.340835155580794857e-01
-1.795066380923370675e+00 4.692082728666453484e-01 2.687991068433226438e-01
-9.397274146172769349e+00 7.266580270268740982e-01 6.533037229737291840e-01
-1.478571938668460595e+00 5.090796556367647163e-01 2.588571149127124049e-01
-2.094435325089717637e+00 5.136800229254667727e-01 3.186664321140084133e-01
-1.563179613622349029e+00 3.623458469316518382e-01 1.911153901845815406e-01
-1.483674210257004944e+01 4.652875024797513692e-01 4.349605154914212291e-01
-3.101584348027535548e-02 9.959977452819801513e-02 9.906386239992626042e-16
-9.501913979867198101e-01 9.382353604019977311e-01 3.275305353602971925e-01
-3.225486077287772257e+00 4.441438813327260871e-01 3.257459476812387678e-01
-6.445259570723028020e+00 6.766230652063706108e-01 5.793817324002439317e-01
-2.316732531922572491e+01 8.835684210806818983e-01 8.462412560219584323e-01
-7.767328417861327772e-01 2.595712245684788089e-01 7.163524351643997534e-02
-8.226033247218891287e-01 4.264978116969196931e-01 1.264635948006680999e-01
-8.433101828140726397e+00 4.571682471772574585e-01 4.060479063668549493e-01
-1.426012777370753437e-01 9.397970224550185048e-01 8.462876477945391850e-04
-2.944260280682106767e+00 6.876201309564495823e-01 4.896019261276697843e-01
-4.703757888005837273e+00 7.951738512953470117e-01 6.428843161804069783e-01
-2.411878583563004099e+02 5.030684789808385071e-01 5.009870018093052213e-01
-6.200532121043423467e-02 8.745719125765537560e-01 8.662573955342032214e-08
-6.422042585797416159e+00 1.753978208084511214e-01 1.501061871079847065e-01
-4.140045287685086919e+02 9.229725919929443467e-01 9.207459042736714228e-01
-2.651987625956388206e-02 5.590837676752657970e-01 2.351195746816388893e-17
-2.481572208725805861e+00 5.475335885205521169e-01 3.659341749521556886e-01
-8.684616468373024034e+00 7.245831619259183176e-01 6.457745233390126405e-01
-1.437102570774726029e+00 3.263957596322430987e-01 1.627582670626747940e-01
-5.409177690831784346e+00 6.949576805510180311e-01 5.776568278171251292e-01
-1.014028095717231182e+01 9.461301684741278972e-01 8.572791213748747197e-01
-2.496302746875834941e+02 9.627699126411256580e-01 9.589208438751765096e-01
-9.115204710850671743e-01 3.212559024915950801e-01 1.072507921634593131e-01
-2.957045859150521760e+00 1.082597312653823529e-01 7.719679304309172430e-02
-5.809539053651561424e+00 8.552017795757215213e-01 7.199679842666523166e-01
-1.300400884573530448e+03 3.965998047260680393e-01 3.962949392363966927e-01
-4.247364805373019969e+00 9.067536507608725538e-01 7.165375855660341964e-01
-2.878071265056540429e-01 1.443904310264417790e-01 4.472608657284725224e-03
-4.197071533073416560e+01 7.487974440212533667e-01 7.311673562353174782e-01
-1.724276488690238196e+00 3.661391587352846866e-02 2.050102716128140989e-02
-3.556742397761621932e-01 1.970600138515303801e-01 1.184548543029499863e-02
-1.307578153075374949e-01 7.352757057244433403e-01 3.508203917625292152e-04
-3.896826812133907803e-01 1.141507928754430523e-01 8.769938596846839005e-03
-1.592647420430233496e-02 1.882674906275120241e-01 1.014052857706002165e-28
-9.338908087657632473e-01 9.632348951150838667e-01 3.301371941169429225e-01
-2.553332106990102801e+01 2.724272351890482113e-01 2.619639874791827583e-01
-1.852554137882389682e+02 9.228831938992753114e-01 9.179149351540225599e-01
-2.409614454825003971e-01 9.874928114782993704e-01 1.556660184149877280e-02
-5.789855591825673109e+00 6.939786572749517823e-02 5.838974262694644063e-02
-4.227900384082921015e+00 5.086474104486460313e-02 4.015094400304630023e-02
-6.022438993118174544e+00 8.596373810111596070e-01 7.281193424271340531e-01
-2.794196628388113890e+00 6.658421092841164679e-01 4.655259998568376245e-01
-3.638810509760424805e-02 2.032061377194708252e-01 2.359769364733321098e-13
-3.059476219985614875e+01 2.136920312896027907e-01 2.068203493865523046e-01
-5.599642098681073543e-02 6.699977942766559558e-01 1.175761106580328500e-08
-1.133664496473867800e+00 1.650346532126476529e-01 6.831028089532439895e-02
-2.303121926695718802e+00 4.895935595222964398e-01 3.171523710452258116e-01
-1.951306819740318721e+00 3.464581929875344413e-01 2.075319050313568503e-01
-3.428257798048623517e+00 3.151219253326658087e-01 2.353953118616242124e-01
-1.924204105726717573e-01 7.458718395018637537e-01 4.127202864409584664e-03
-4.083541275611992916e+01 8.287146794977588993e-01 8.086671291439937459e-01
-1.641109490468730314e+01 9.123885081270054487e-01 8.584526363747536637e-01
-1.476100246095939372e+00 4.044268435177837961e-01 2.054104350760831699e-01
-4.689746119299962146e+01 4.719241115341851200e-01 4.619677466137149247e-01
-5.927979662978905689e-02 7.557030231291063105e-01 3.565913450639943325e-08
-6.021900761291393565e+02 5.671917727334622183e-01 5.662506727137914808e-01
-1.428745507392067786e-02 5.206805280610230513e-01 2.087668912290977629e-31
-8.872118584812318076e+00 3.685377887939699226e-01 3.292543668709748683e-01
-3.458153385526161028e+00 3.520607860643854004e-01 2.636525598933319170e-01
-2.780732726495171292e+01 6.622539821087910505e-01 6.388613151149916680e-01
-3.641904717654925516e+00 2.115953600609812302e-01 1.607891981125019742e-01
-2.478654061672176834e+00 1.518586420634311374e-01 1.014438393957530077e-01
-3.679736488245716863e+00 9.175778155800204949e-01 6.992293491921308668e-01
-1.011402529621580371e+01 6.591411218069613831e-01 5.970883275146708913e-01
-5.632344763016119416e+00 1.895007960664472080e-01 1.586732848114224270e-01
-6.121676531463692505e+00 5.478053860446085999e-03 4.652459292022521030e-03
-1.048725313174063167e+01 2.996838778516267565e-01 2.724279907263508771e-01
-1.834442053757699698e-01 8.791794481216375079e-02 3.772508826158303924e-04
-5.091345067871810154e-02 2.050810900298308814e-01 6.051620017105932976e-10
-3.788025057223575603e-02 9.454029650540372032e-01 3.241047211660985832e-12
-2.078668614090891653e-01 7.354614631688971560e-01 5.987814645356235622e-03
-9.718282207754496582e+00 2.678187299892428319e-01 2.416309416306031688e-01
-1.228395657823671527e+01 3.313900992005982538e-01 3.054815039357580142e-01
-2.348826987279933887e-01 8.812401008808192771e-01 1.247698628568924897e-02
-2.768472349631582397e+00 2.561544235732722274e-01 1.784967587236634956e-01
-1.032019396021348001e+01 8.826217646257709104e-01 8.011108704581580975e-01
-9.721807086323150937e-01 9.909213273217061246e-01 3.542559923008624101e-01
-1.118507025433130631e+00 5.206478614268842398e-01 2.129431016804161636e-01
-2.840066406179142966e+00 4.796630214797132918e-01 3.373022375600764344e-01
-8.610649839988995247e-01 5.936731026455521754e-02 1.858567662096142353e-02
-3.107074363806512807e+00 3.911186884294975963e-01 2.834866096311673411e-01
-3.650069166411136316e-03 8.034807304818234464e-01 8.364511579930402471e-120
-6.195833639470865961e+00 5.441627211716960622e-01 4.630567146343252949e-01
-5.991607821357502139e+00 4.723425110844414743e-02 3.997359772278511608e-02
-6.040149803644168536e+00 2.361695579743378071e-01 2.001348131696115140e-01
-6.998003710998021099e+00 4.071769589040744597e-01 3.529583228353182500e-01
-8.554602820008841424e-02 4.451522200641474525e-01 3.730559199092914248e-06
-7.927597124179224242e-01 7.862342032102909162e-02 2.227028665109178837e-02
-4.901809343575010303e+00 5.207552827477623936e-02 4.246536612673738192e-02
-4.120924875575096569e-01 9.335837173642066444e-01 8.246639827807193679e-02
-1.600431887842535872e+01 2.810674286053037596e-01 2.640428672901388163e-01
-8.019410082742461920e-01 8.944315143931066414e-01 2.570354008298159076e-01
-1.006009510479960483e+02 7.260290600294199148e-01 7.188478900804429195e-01
-4.170441928226367168e+00 6.384916477772424326e-01 5.023644501489945569e-01
-1.480194434193566819e-02 8.566802713422272397e-02 3.912475131466026323e-31
-7.159472429110113056e-01 6.760642012825236469e-01 1.672579250319108368e-01
-4.723009894672312581e-01 1.758685256935141883e-01 2.116698827417232837e-02
-1.816336881873372988e+01 8.976821800819551056e-01 8.495953861987141087e-01
-3.707759586698086363e+00 9.970491723026979614e-01 7.613517253412213082e-01
-4.927682711929429082e+00 4.983433149624570957e-01 4.068131882447328929e-01
-4.267343004436377818e+00 6.263692051690250562e-01 4.955172310868926622e-01
-1.866770617186086501e+00 5.697827680648128723e-01 3.334759420234351124e-01
-5.302568326167201640e+00 4.471729625513265471e-02 3.703163362039482015e-02
-3.708391551673970721e+00 5.871599652726186003e-01 4.483788884162139832e-01
-2.368466901588549278e-01 8.991469362765026618e-01 1.318798222136955030e-02
-8.693871466933856818e-01 2.690179058876227547e-01 8.516089889116860989e-02
-1.125882831907100368e+00 1.024479168982711519e-01 4.214696394009189578e-02
-3.305034725629984127e+00 2.667605685316702946e-01 1.971141154519083505e-01
-1.420179632398369307e+00 4.637232531007117187e-01 2.293276253101631523e-01
-4.044312479614129785e+01 8.250230608053249481e-01 8.048736084307799299e-01
-5.038674750548776338e+00 2.957398161756700228e-01 2.425032674597260851e-01
-2.268613041088216598e+00 9.672194572134712454e-01 6.224276871619951468e-01
-7.904224503549327707e+00 6.483709534919123163e-01 5.713193678515422480e-01
-2.723390181321337922e-01 2.899947121880915857e-01 7.374062041918071249e-03
-3.277349962132955485e-02 8.785501865304855551e-01 4.924644028115765843e-14
-8.123328766813081359e+00 5.429509697688699177e-01 4.800627270726861018e-01
-6.895551540085415709e+00 6.815996940703672458e-01 5.895865300812573873e-01
-1.135133754052028099e+00 4.363032051911919229e-02 1.807986486452822783e-02
-3.497744720987311595e+00 1.203885179265965499e-01 9.045257257904382175e-02
-8.035168283672293299e+00 6.197655385398580519e-01 5.472404811249214074e-01
-5.230613664051106393e-02 3.971997668456385133e-01 1.977303910174505777e-09
-9.758045645744010954e-02 5.091010956933895715e-01 1.803741460999657009e-05
-2.060785030209820832e+02 5.410250646374223926e-01 5.384060892954893873e-01
-1.831814396179011484e-01 8.805158704661687485e-01 3.748814281830266642e-03
-2.606634029831257637e-02 3.156908234173957384e-01 6.888738894382981389e-18
-3.154091027616485299e+00 6.945993601290607611e-01 5.058735136119703046e-01
-3.320294132182660896e+00 7.554096310673125148e-01 5.589622967080338789e-01
-3.592779783165081398e+01 6.236140679262233144e-01 6.064959767784399158e-01
-2.526316183764290013e-01 9.579301861756478464e-01 1.829160452064152592e-02
-2.059565241302112160e+00 3.630962960983415977e-01 2.234368250927022681e-01
-6.402622540117286487e-01 4.004187369898258853e-01 8.398606131530941821e-02
-1.117140407017862813e+01 8.007616839107234430e-01 7.321966436661535571e-01
-2.100742344624022806e+01 5.466155872094115020e-01 5.212050682496740528e-01
-1.137612561487417961e+00 2.564934061218748784e-02 1.064919145944462700e-02
-7.988647136467878163e+00 3.239696104289346845e-02 2.858513944160180620e-02
-4.745705197334935121e-01 5.848247148807071971e-01 7.110401290085693882e-02
-1.076380400962673889e+01 7.086214584573254927e-01 6.457532833132737515e-01
-1.704805960734355530e+00 4.521365751127888188e-01 2.514910170972770587e-01
-5.228182153945491351e+00 9.916575040067532321e-02 8.190185380722915520e-02
-5.984626836634324931e+00 8.880299095186511282e-01 7.513793332097199462e-01
-5.824330016602575988e+00 9.652296672878384332e-01 8.129523538775599301e-01
-3.513383062294473689e+02 7.479936384226297807e-01 7.458676813539222294e-01
-2.276304717407323430e+00 5.889117288969517583e-01 3.795429672760294859e-01
-7.187970018479517442e+00 4.922186676573009345e-01 4.282905100447245705e-01
-3.017444546214821666e-02 2.348503463696163251e-01 9.506056178042449937e-16
-5.157021323744073626e+00 2.373256632221221185e-02 1.954926763237663581e-02
-1.735566000228689898e-01 3.011557343566072520e-01 9.472600738746303787e-04
-2.624113886408989238e+00 4.660693038094033680e-01 3.183824465689906735e-01
-5.100027570606077632e+01 3.641115593598774902e-01 3.570416941516381115e-01
-1.798750931974748779e+00 7.225358354411463013e-01 4.143975090303808617e-01
-7.413547789769832264e+01 6.524540770258635547e-02 6.437123328967062075e-02
-1.995676772862967185e+00 3.619276978557403046e-01 2.192826011302201894e-01
-3.393439850256335655e-02 4.521966907267011004e-01 7.198913794166955006e-14
-2.344012761694639568e+00 1.700195238831947453e-02 1.109738334797041176e-02
-1.908945775719015359e+00 5.162502685305704331e-01 3.057422162704037105e-01
-4.986945220700870762e-01 6.065994273350140409e-01 8.166561707122373115e-02
-2.344553249879319878e+01 9.992473729368702706e-01 9.575235533913805108e-01
-2.385682008110045008e-02 6.664316141649275771e-01 4.164366816728327472e-19
-6.885247954139606463e+01 6.542819507439027182e-01 6.448479616927217384e-01
-3.623803163690880957e+00 6.277487748150025748e-01 4.763661914247366846e-01
-3.459851903756305802e+01 5.258442183097432610e-01 5.108632974484097478e-01
-3.787115604230771204e+00 4.910754224940536705e-01 3.771128669221611718e-01
-6.088190107502600590e+00 3.811943848189704998e-01 3.234540341266358143e-01
-6.022011502690661766e-01 5.895010032070698847e-01 1.120227205247059377e-01
-1.713959236580580470e+00 4.277203589265565764e-02 2.386564732294610067e-02
-3.204266511736987844e-01 2.785566167604163201e-01 1.228995544293262458e-02
-1.890576802152874047e-02 9.131862839396647225e-01 9.750479230840382834e-24
-3.970759625274666860e-01 7.902963861768069753e-01 6.368813209158236122e-02
-3.778311707904999484e+00 2.777970205774649148e-02 2.131981957657932622e-02
-4.450813148954159693e-01 3.116641707447320719e-01 3.295509164680843900e-02
-1.429932088616990615e+00 9.684621167935391073e-01 4.812444994104523310e-01
-1.956704607346425151e+00 6.342073844470579314e-01 3.804339830335355388e-01
-8.820030982479448722e-01 2.092938707522318253e-01 6.735360845938759278e-02
-3.774804909948561971e+01 9.015567089073456275e-01 8.779867570469721549e-01
-2.308698932605987297e-01 1.379758142366921403e-01 1.814181625590978323e-03
-3.298653819440368729e+00 7.807894317052878064e-01 5.766015827105790414e-01
-2.433067606273269304e-02 6.359136633574336006e-02 8.989395465733777907e-20
-2.353859289844661529e+00 3.408892765337421249e-01 2.229000560510274731e-01
-2.427288754679830873e+01 4.388360950147209838e-01 4.211241796149061689e-01
-3.218722384425718896e+00 4.756627231411644230e-01 3.486354293163456686e-01
-1.285532453892449523e+00 4.841581008409955311e-01 2.224102651680629206e-01
-3.264281987111903316e-01 7.160733441727143989e-01 3.345903214549505317e-02
-3.263330815569399412e+00 4.071569835248233238e-01 2.996944470118368398e-01
-3.073666790647243729e+01 8.730229880857245384e-01 8.450767543793906711e-01
-2.191331844979044430e+00 8.820581917685044182e-02 5.588686938720083264e-02
-6.378153942872587301e+00 4.451663040907193336e-01 3.805671924542016193e-01
-3.152902892954561764e+01 4.868252633315341971e-01 4.716270162947031053e-01
-1.424138564037707111e+00 9.400552972146501984e-01 4.658016201753338303e-01
-7.697312725048062632e+00 2.492730259462458964e-01 2.189040083206212628e-01
-3.533794465133579088e+00 6.150524211576656741e-01 4.634625417161596928e-01
-9.260676244411961022e+00 4.965291297256826386e-01 4.457056145806406744e-01
-6.314614185775873079e-01 1.844046440274406118e-01 3.784521186650212365e-02
-1.609528762676215408e+01 2.808662996270201440e-01 2.639471167525151429e-01
-1.274334989668371243e+01 5.486734212494959184e-01 5.072637582349085461e-01
-6.565451906493741774e+01 5.924883137784331399e-02 5.835323580150506007e-02
-2.687569357034623962e+00 6.474256413460497406e-01 4.462683829629511267e-01
-5.804280987463717167e+01 5.095915123485168508e-01 5.008871297534753797e-01
-1.147684165765785025e+01 9.124689742369185286e-02 8.363290186360064493e-02
-2.801823316671724839e+01 7.845803606880554781e-01 7.570716949131368612e-01
-3.285517517266518084e+00 1.016891586134629488e-01 7.500498982829735539e-02
-2.279480036040787354e+02 8.666791074734605527e-01 8.628853438735381021e-01
-9.193100252516513748e+00 3.664140879109165638e-01 3.286478620655507443e-01
-1.688561977940094272e-01 5.912619957527130987e-01 1.584169447767840889e-03
-1.105516862125750954e+00 4.169382959434608793e-02 1.687442015296818781e-02
-9.899642106507258177e+01 5.546630037293062143e-01 5.490883478255166317e-01
-3.666134415969764859e+01 9.870286718544788451e-01 9.604696674701170833e-01
-2.722364703939855524e+00 3.098138236521649214e-01 2.145716757946645459e-01
-4.015467443630069133e-01 1.213550009004384922e-01 1.005781612990727311e-02
-2.782995055764125425e+01 8.096455343151446327e-01 7.810694177817072426e-01
-4.025416552332342413e+00 2.550301607191045594e-01 1.989314553633695082e-01
-1.786646689814566091e+00 1.477459439263035801e-01 8.441848995991801941e-02
-4.187839735963541976e+00 4.535115284692626814e-01 3.571779414990673418e-01
-1.979103795934189947e+00 3.595588944272546383e-01 2.169352188180969088e-01
-5.748134242499119972e-01 9.777287354309909251e-01 1.716637007546764349e-01
-1.413357370339330110e+01 1.184420254680259577e-01 1.103514299186769410e-01
-5.649203756858916375e-02 8.167958379601542029e-01 1.676494388471594085e-08
-7.492731905442353124e+00 4.426738199744157942e-01 3.873662126800756500e-01
-2.632157924264642457e+00 3.140791310728285879e-02 2.148045510554368737e-02
-4.743789173887840604e+00 6.485256260304169684e-01 5.252632526665340640e-01
-2.756931161103861072e+01 8.156029591467837125e-01 7.865493381517008054e-01
-4.130112919161087470e-01 8.117111816344562136e-01 7.208913091873331291e-02
-2.062690678733896021e+01 9.789588441388696882e-01 9.326306384078310030e-01
-6.718271541419379433e-01 6.038072710909802021e-01 1.362889096569021852e-01
-1.714392343102001670e-01 2.249180751568984338e-01 6.588665319026016385e-04
-9.451888507504015990e+00 6.069167745123670299e-01 5.459856587570831588e-01
-4.286601656595500742e+00 2.993170998626584201e-01 2.370375376160601955e-01
-5.814038274119190941e-01 9.085408335790328138e-01 1.626929880093333225e-01
-7.522965712621220158e-01 5.606649348440727598e-01 1.483924508687079480e-01
-3.432147548555649905e+02 4.815600107514456107e-01 4.801589662406359760e-01
-5.037219165277065258e+00 2.845174128466971819e-01 2.332876457193967801e-01
-2.102116195425940504e+01 4.968855899202873072e-02 4.738016094387988847e-02
-9.684403211325399496e+00 7.272432495574220335e-01 6.558959739938278188e-01
-2.880314833715086138e+02 1.060345763378207629e-01 1.056670792842081402e-01
-9.053259024775670127e+00 1.275115571905118816e-01 1.141769621913289179e-01
-1.223618634056170684e+01 3.896138697143863849e-01 3.590391233813897687e-01
-1.126738880582872415e+00 1.245548596417589415e-02 5.127632679196275634e-03
-7.910574966177688072e-01 5.205004589782212809e-01 1.470334562583787696e-01
-2.683381652133185954e-02 8.905835975589220244e-01 5.822085835225022344e-17
-2.788831963937178360e-01 1.180575595733398542e-01 3.272131928762232658e-03
-1.731521094116854620e+00 3.770342885858591897e-01 2.116236032071111273e-01
-9.263031862234408775e-01 7.240651526391639337e-03 2.459974660735004225e-03
-7.934032739914005106e+01 8.165396053808271493e-02 8.063125823927694280e-02
-1.908663084211128236e-01 4.909953733071804605e-01 2.604303718622554345e-03
-2.165861097875122141e+02 1.366568568336157252e-01 1.360273526485694662e-01
-7.358910226673434529e+00 3.505965617778394883e-01 3.060493855936707308e-01
-9.319517425119590026e-01 2.317722248461775436e-01 7.926036298502266153e-02
-9.035810891466006467e+00 1.231238338756472928e-01 1.102245749319059331e-01
-4.990864892007596532e-01 3.406671736508843917e-01 4.593582156174141201e-02
-1.624325719705151938e+00 8.487647052377991219e-01 4.585832907198086894e-01
-1.047694394442242327e-01 4.022663813226645679e-01 2.879211950221018172e-05
-2.225182747357589506e+02 7.304662414072133902e-01 7.271908819522653333e-01
-2.982770065663243653e+00 1.941850283072754646e-01 1.388719977668610717e-01
-1.011693152187785882e-01 2.843900845945824818e-01 1.449323717699083772e-05
-1.082215512411591751e+00 4.719420092336701344e-02 1.873213791027933395e-02
-1.339632639416378801e+01 7.603849675543333797e-01 7.056910327758268986e-01
-8.710165570209759123e-01 5.019472355854137646e-01 1.592397939574323185e-01
-1.594625318486583732e+00 6.035066164207348871e-01 3.223540393478206423e-01
-2.093331269593230104e+01 4.821786882401302154e-01 4.596861711886778279e-01
-1.181098543910583487e+01 1.319478774289742917e-01 1.212361184512343315e-01
-3.064572584066282274e-02 2.841421482309118840e-01 1.914617639864609351e-15
-2.681189064616207247e+02 1.582989040412493553e-01 1.577095980874509140e-01
-5.873873837539752785e+00 8.072088538936222912e-01 6.808466095332280643e-01
-3.585300283909648427e-03 7.277877601114205453e-01 5.370763272726637903e-122
-1.883272274978649463e+00 6.000094452817824608e-01 3.528188424423361336e-01
-3.038803842516597076e+00 2.193413189756882042e-01 1.578353181805499661e-01
-4.149425042417416165e+00 4.188036039542194500e-01 3.291142122591836916e-01
-2.332722240651208701e+00 4.488401865888196340e-01 2.923592028552208233e-01
-7.860937676865957258e+01 8.514467505917658885e-01 8.406839892623086952e-01
-4.693676797890470311e+02 8.656276236781569322e-01 8.637853448115160315e-01
-5.978733562320763362e+00 2.138145003012212886e-01 1.808828014597050338e-01
-3.319075240231705859e+00 4.939612079144926060e-01 3.654641708959365243e-01
-1.529352732601720444e+00 6.536395853268923695e-01 3.399113046356448398e-01
-2.235400216954544561e+01 8.962720621635186236e-01 8.570611665681461266e-01
-5.068027734575792920e-01 6.667379447216194022e-01 9.268836235161315162e-02
-2.905992306757868349e+01 2.977024917241268831e-01 2.876323161692846964e-01
-1.574677397626093600e-01 2.939181641038725035e-01 5.131404299329314156e-04
-1.551848255444385760e-01 9.254617576485264507e-01 1.471619942156587304e-03
-1.639595907199135283e+00 3.225890876077808223e-02 1.752954719723383292e-02
-1.509568666248386037e+00 6.766940276802911880e-01 3.488975529977022538e-01
-5.517378028864404982e+00 9.019023363388474213e-01 7.523944557690982471e-01
-4.902040019071968402e+01 4.081441499378982707e-01 3.999024932090904927e-01
-9.834051666200888109e-01 9.352131088820464511e-01 3.382886612027684037e-01
-2.029687006898471813e-01 3.333753333448450373e-01 2.416695146346668245e-03
-9.258640462522379266e+00 4.069785239351736417e-01 3.653125173568820272e-01
-1.938492094950295268e+02 4.764296921861468359e-01 4.739782871117638186e-01
-4.550325486015436294e-01 5.004298822337286401e-01 5.557994890945806843e-02
-2.870957885215790384e+01 9.162095135834191773e-02 8.848458817080909200e-02
-4.223076856750253683e+00 1.893251172477942168e-01 1.494066165728164808e-01
-3.703665662433653694e+01 5.785370837358555507e-01 5.631254179249514102e-01
-1.487959186011765356e+00 3.521843251242239292e-01 1.798446180258452542e-01
-6.941922880951131858e-02 7.854807281104787542e-01 4.355353079359575537e-07
-1.485030872562076887e+01 9.284188614256027039e-01 8.679588648861639166e-01
-9.837543281849780996e+00 4.831766447878794724e-01 4.364749196508054818e-01
-1.005794328846885577e+00 4.379976269328520466e-01 1.620612646218727027e-01
-9.478881523909460718e-03 7.044597352899605314e-01 1.073485901756017758e-46
-1.351001232059006263e+01 5.071583040271602227e-01 4.709745290454144806e-01
-1.744906569835584520e+01 8.860153551907978819e-02 8.366657289322157465e-02
-4.916464083725061857e-02 5.513059948025539336e-01 8.089480643184422045e-10
-5.427533750374281318e+00 4.564210567484110470e-01 3.796197175727925033e-01
-6.023442250689710065e-01 4.544955000768033937e-01 8.640173354373020809e-02
-4.632477004484459870e-01 5.518497611088373223e-01 6.372669139393699611e-02
-2.157491023961020243e-02 2.782610415672942539e-01 2.064641179346451672e-21
-3.517544284504160235e+00 9.785640285163988983e-01 7.364173264015165810e-01
-3.229944484464955394e+02 3.847203867426390866e-01 3.835311234283613757e-01
-5.490050098178934634e-01 8.663815029779545762e-01 1.401689306951545422e-01
-9.569356194801192927e-01 3.463469401708563211e-02 1.218070956061073455e-02
-3.772091815703068107e+01 5.784933317671565600e-01 5.633586902020500942e-01
-4.353069942064456299e+00 4.724919421170108436e-01 3.755147527961621434e-01
-6.270386602313963165e-01 9.122468859985389811e-01 1.851400681576543528e-01
-8.410476609058113695e+01 7.068613079225900542e-01 6.985065418441458451e-01
-5.192802735712181983e-01 6.958613825338255676e-01 1.014339811743524833e-01
-9.242132966036750830e+00 9.513187628498765980e-01 8.537590935586298890e-01
-2.506806894779283201e-01 5.418426460840968240e-01 1.003257297442431556e-02
-1.664282505824111524e+00 5.734643595067390187e-01 3.144535157621532462e-01
-2.568657844785886546e+00 4.739975835147189898e-01 3.211453592166342852e-01
-1.852586302976470378e+01 2.041767198033511699e-01 1.934477210465690433e-01
-3.996391477389959590e+01 2.810244345237203900e-01 2.740797294687208341e-01
-4.634007946554424606e+00 9.947762965022720616e-01 8.016899731584981037e-01
-2.957850740521112964e-01 6.546513886704961038e-01 2.227064976570393429e-02
-3.689189061016799331e-01 1.688295930829186720e-02 1.122638797671711257e-03
-1.365142776108187661e+01 6.806660478436686867e-01 6.325880305804547632e-01
-3.903829236390191859e+00 8.998228456724906010e-01 6.964800574334666372e-01
-1.033441174493603398e+00 8.794281643250462244e-01 3.341636800097108617e-01
-1.552811842836376410e+00 9.356328726765927861e-01 4.913860846222050660e-01
-7.901023928197041357e+00 6.124803683745602134e-01 5.396663164941338797e-01
-5.959379883641933162e+00 7.777652182697494254e-01 6.576165485344407369e-01
-3.957209967071464995e-02 3.689797035119393165e-01 3.910549561605381835e-12
-2.070003836195391869e-02 8.066219545311913430e-01 8.439158937396761416e-22
-3.104216996150570562e+00 6.299354850845823028e-01 4.564480904731404998e-01
-7.138185640561732770e-01 5.352000453165519644e-01 1.318578409602262080e-01
-1.438152707523843610e+01 3.962882662408071521e-01 3.696690871323884409e-01
-1.543854157803444309e+02 9.399085421259384399e-01 9.338401511039098324e-01
-5.547564316453229338e+00 6.877055117883290603e-01 5.742710066933806035e-01
-8.241514069006731447e+00 5.733995643056943869e-01 5.078803384041097324e-01
-2.514758543237960353e+01 7.979637856921005801e-01 7.668551769026243914e-01
-4.783489763855067523e+00 3.212621125551153867e-01 2.606568895862494406e-01
-2.334764070000630465e+00 5.371410095265871654e-03 3.500065422220108389e-03
-2.874470490288010271e-01 1.770375515129941624e-01 5.460062634842593327e-03
-1.591140358052265669e-01 8.907269800612539479e-01 1.660696816903790406e-03
-6.495486353404358870e-02 9.048183006233188053e-01 1.864081665497443979e-07
-3.593572139620955674e+00 5.717449790657785913e-01 4.328617570969319206e-01
-5.161564882667173393e-01 8.090845847166334703e-01 1.165716992669384722e-01
-2.182617300902469282e+01 1.011854440960012758e-01 9.665407440347598134e-02
-2.094885133010500056e+01 8.789879827846462934e-01 8.380149261406720784e-01
-3.148160313605371519e-01 1.255358832161490579e-02 5.239014071660561987e-04
-2.893705115728731236e+00 3.974777726602002348e-01 2.813392679485366976e-01
-3.042214227915260238e+01 4.970580626119148748e-01 4.809849836185202676e-01
-1.205448236448637722e+01 8.859975541476485805e-01 8.154641794484562833e-01
-1.364297712472714430e+01 2.968069022777189980e-01 2.758297925908919090e-01
-3.819660108130948917e-01 9.070678917478758319e-01 6.616709656574609744e-02
-1.760768345400226664e+01 1.781481864242799862e-01 1.683124921357913029e-01
-8.815546603051891417e-01 6.565343172703205221e-01 2.111598345006394373e-01
-9.053933113237873087e+00 4.118494494153669416e-01 3.687830873346166216e-01
-5.843397804691691233e-01 6.810751920801072501e-01 1.230191000033714205e-01
-9.657309763617742959e-01 7.631858293026616558e-01 2.709722698634717819e-01
-5.661875381997940604e-01 6.061568769467194917e-01 1.036416820009906231e-01
-4.572334240612173417e+00 9.193643947689830176e-01 7.387620538453250063e-01
-4.863675430637076857e+00 6.715585281684940400e-01 5.467520163275196854e-01
-6.643759654251991664e-01 7.314651846953648118e-01 1.623700153917035371e-01
-1.249725617877993633e+00 7.365813763064199549e-01 3.309092197737461549e-01
-1.686826611333386738e+00 8.577097476539771170e-01 4.741086878269909488e-01
-2.429888755299375536e+00 2.180834588174773714e-02 1.445082145657075080e-02
-1.439131155611872881e+00 4.508585523851804666e-03 2.250426543078556333e-03
-2.206268648297966024e+02 9.696547026483952614e-01 9.652696495382282471e-01
-3.460161424733853153e+01 5.857739068011991179e-01 5.690871038720467512e-01
-2.597641925874744295e+00 3.900907147252733465e-01 2.654468905635855580e-01
-7.653696854414557826e-01 6.285297001365011127e-01 1.701746279175538334e-01
-1.162397221866438013e-01 8.480912771363450231e-01 1.556846387889711367e-04
-1.073660902171621745e-01 6.268550245135170451e-01 5.651707969600977533e-05
-1.932573300572252251e+01 8.887935824871430190e-01 8.439730291771123660e-01
-3.927197156683559598e+01 5.427771079298480128e-01 5.291306094130983073e-01
-1.014669892765610228e+02 6.283292680950902653e-02 6.221672325993599095e-02
-1.607032060755034353e+00 3.699975957298279328e-01 1.985878132481235514e-01
-5.041362864263659871e-02 9.630677872897445146e-01 2.339011342162368351e-09
-2.280225490088575313e+01 6.611244014522610346e-02 6.327571581792323929e-02
-7.431748680727978673e-01 9.006464181469236996e-01 2.345184856969755871e-01
-1.612764119021854015e+00 3.441634484219852075e-01 1.851309121433219740e-01
-3.084765297898868663e+00 5.069025710514807326e-01 3.665537053506209286e-01
-6.429009263967189192e-01 4.436826765366301828e-01 9.365895038276281226e-02
-7.132796430205506910e-02 5.237299024369572731e-01 4.269811409475832046e-07
-1.450827823226608637e-01 9.635710141063906775e-01 9.782691393431860050e-04
-2.313513461500684987e-01 1.140948362875814359e-01 1.513765107624890803e-03
-2.316695341208141468e+00 4.245096316715035734e-02 2.756922924716839057e-02
-8.895166630679801623e-01 2.283693883675812497e-01 7.419957395778624398e-02
-1.517546254394021155e+01 6.945163574060365663e-01 6.502259155747625030e-01
-1.327685604694790023e+00 1.016893339968767407e-01 4.788163650245422231e-02
-4.982890339431769039e-02 7.017315736878138033e-03 1.350382487505293037e-11
-2.396726720719248149e+01 7.737760158056857795e-01 7.421555626812675888e-01
-1.006566362590129993e+00 6.545255608423921068e-01 2.423624093752129449e-01
-7.197204744206387339e+00 1.128204312540548315e-02 9.818511447776534853e-03
-7.203448285404498996e-01 9.992100676997003328e-01 2.493209458676678147e-01
-2.411330630743065129e+01 9.243328899221494588e-01 8.867839675412673150e-01
-6.064454641766662268e-01 4.442219238008265902e-01 8.540215863474556746e-02
-6.933189292729308306e+01 7.013539259905476886e-01 6.913106373852754283e-01
-2.349940195219986094e+00 4.012729490089940176e-01 2.621977846309769822e-01
-7.720812404680557628e-02 6.545143131412450854e-01 1.552154313355020639e-06
-4.470170583543172427e+00 1.926609032008917977e-01 1.540421946081063087e-01
-3.013997372062424684e-01 6.742276477317227235e-01 2.442763037673290061e-02
-4.143372936882541602e+00 5.664668753522433819e-01 4.449978027094184108e-01
-2.412160187299246417e+01 7.241425036756587996e-01 6.947357689577765560e-01
-1.343696977087630584e-01 7.753265269401364845e-01 4.543579939624764670e-04
-1.332054520332105751e-01 1.570476746881444008e-02 8.623744410561955608e-06
-1.446723772098363497e+03 7.059987175859405717e-01 7.055108879198602745e-01
-3.999104552276380620e+00 9.434339426316742383e-01 7.347059647657199211e-01
-2.450973389643316569e+00 8.687251862160187965e-01 5.776832269464579062e-01
-2.460646930778157326e+00 9.082546061967168294e-01 6.049389548616953549e-01
-8.183002426161171960e-02 4.369696609477818905e-01 2.153653331494818891e-06
-2.081552122951545236e+00 9.215231629781771572e-01 5.699890618528772324e-01
-3.045743399585311151e-01 5.050343658969191907e-01 1.894150979327597489e-02
-2.349306163065252306e+00 2.703201061003918104e-01 1.766109418640247897e-01
-1.787611147377407214e-02 9.282217384947011318e-01 4.709421859993895536e-25
-3.791485548676085227e+00 3.833762520710545241e-01 2.944967672693937222e-01
-3.773628576019666392e-01 1.665540508988523349e-01 1.176760660961376735e-02
-3.689642982748138511e+00 9.702540941709769662e-01 7.399103699363566156e-01
-1.500753493073063050e+00 7.098042005075074767e-01 3.645476278161589034e-01
-1.542234471348348457e+01 6.925112060400804292e-01 6.490329179040846830e-01
-5.391218098619882798e-02 2.754983914043204196e-01 2.423974412202836415e-09
-5.761697042075146769e-01 7.960339100851140381e-01 1.403363478836503198e-01
-6.202172575182854919e-01 6.503087948112282746e-01 1.296850840559461149e-01
-6.734572022495134425e-01 1.619546151734319039e-02 3.668767219356797778e-03
-5.018505795495580202e+01 4.087273838659571945e-01 4.006635873479413856e-01
-6.283357211406799259e+00 5.093244974415375159e-01 4.343865231692867201e-01
-5.788061060696509941e-01 6.260775761297068254e-01 1.112500093043808508e-01
-1.496038694509188360e+02 7.349215700559104114e-01 7.300255014501784157e-01
-9.660059227758731604e-01 5.857330755854484039e-01 2.080282406868673994e-01
-2.213961561032081526e+00 8.031141783590249883e-01 5.112291214320099364e-01
-4.304842465337497259e+01 5.988682847636285222e-01 5.851171176387877093e-01
-1.283803501965859617e+01 3.282509600379135417e-01 3.036527860345276664e-01
-4.509202259725884065e-01 7.530671839525781008e-01 8.197934089080317899e-02
-9.794041797077056799e+00 2.980879762460187932e-01 2.691545560479728372e-01
-8.804014378204134683e-01 8.181638224942023863e-01 2.627537026135141618e-01
-1.251831429035716203e+00 6.475470506048958130e-01 2.913023862737560976e-01
-8.161835067398915555e+01 7.454412473179486964e-01 7.363637150373852913e-01
-9.139632690139060101e-01 9.223235786526909896e-01 3.088205120981192819e-01
-1.027914386010935175e+02 4.687056838718617335e-02 4.641680182964172396e-02
-2.355083705237310809e+00 1.270247497846860307e-01 8.307705825992224569e-02
-1.146358066408181386e+00 8.715726864752219027e-01 3.642977304674082095e-01
-1.896914099450796698e+01 3.641721246288008862e-01 3.454712495505323222e-01
-8.915475429981473781e+02 8.928458639435465916e-01 8.918449691174831218e-01
-2.917727718149449312e-01 3.281018823922867700e-01 1.065468361879984456e-02
-4.112587398950151574e-01 8.562762767367684269e-01 7.526639928421643977e-02
-1.049821283470804723e+00 2.127825463134531692e-01 8.208273103918561908e-02
-4.687833697700322766e+00 8.806194079115018392e-01 7.114515965267671493e-01
-5.068557657271710148e+00 7.658785824242660967e-01 6.287469448148993445e-01
-5.297133786119854193e+00 5.949062769516754168e-01 4.925630822074459347e-01
-4.906939662490672482e+00 2.495572217883939015e-01 2.035466517415122079e-01
-2.807842141697361807e-02 6.007297052186651998e-01 2.048716569220370261e-16
-5.539444314154778937e+01 7.497156705177572267e-01 7.363029688085581670e-01
-6.536745647949638283e+01 9.222546059626963721e-01 9.082532036660914132e-01
-4.799144894218123625e+00 6.089158676263488612e-01 4.943825725656485481e-01
-1.182927869741360327e+00 9.495928331486397367e-01 4.077577364566429829e-01
-2.136980427921755776e+01 4.794970843350579992e-01 4.575759186071587936e-01
-5.039960590744224644e-01 5.162593527237721025e-01 7.098487044722476269e-02
-1.281594656993678250e+00 7.732793363057410829e-02 3.543773975897279022e-02
-1.131913782668706459e+00 3.632229438001638444e-01 1.501383650040276074e-01
-3.060097036953490715e+03 9.868581286513415929e-01 9.865356889090444170e-01
-1.449252991415796332e+00 2.139106204816213497e-01 1.072913053920930976e-01
-9.010170630574932948e-01 3.015321150981067344e-01 9.938683231170500343e-02
-3.960117954923992656e+00 8.846140900751171543e-01 6.872057669680921022e-01
-1.725577890614096166e-01 3.136672957286542607e-01 9.542523146026690543e-04
-7.934359066259205617e-01 7.027955793122337980e-01 1.992827796157832232e-01
-2.393109132118471649e+01 7.974606226194090874e-01 7.648240544153060982e-01
-3.902301738103427287e+00 5.828898198519940621e-01 4.511226100306833242e-01
-3.717466765131132722e-01 1.885485114555761621e-01 1.279880049096307655e-02
-2.437125714647756958e+00 8.187035451391827534e-01 5.431592910292020182e-01
-3.980329997714361356e-01 6.467775183433754904e-02 5.243885709362150829e-03
-5.154494650772158959e-01 7.427368802022326078e-01 1.067284177060136702e-01
-1.336040158474236308e-02 4.443056169824765034e-01 1.385437367686373472e-33
-5.322232591390158030e-01 7.948378761867166409e-01 1.214165772743674154e-01
-5.839302463510690266e+00 2.930514553894062457e-01 2.469275263163020484e-01
-4.265580585260174473e+00 1.936271049820246226e-01 1.531625069559743035e-01
-1.089425231350954926e+00 8.670254169213443829e-01 3.462472354212989267e-01
-1.516925256730805671e+01 9.161371391233241734e-01 8.576904405663515751e-01
-3.064764678485277227e-01 8.488267283566020005e-01 3.249095752425219807e-02
-3.750536855940795444e+00 2.814850003906737008e-01 2.156055683377916254e-01
-3.377394767312540402e-01 6.754789007284012214e-02 3.497242417424958547e-03
-5.307539608419896027e+00 6.504422993449785473e-01 5.387444686873876787e-01
-2.143685234087841229e-01 7.519973076733728057e-01 7.084212942388818345e-03
-1.749678672980079597e+01 8.204448372228460018e-01 7.748684912185391793e-01
-3.430667263078583318e+01 4.920667291746735339e-01 4.779305778346951139e-01
-1.971556930805320185e-01 6.548203750659838951e-01 4.105089063907970195e-03
-6.263650062675657715e+00 7.485868394526514757e-01 6.381260888130051434e-01
-1.141633001630731448e+00 1.424259191569854366e-02 5.931627740725596391e-03
-3.938233438562487865e-01 5.966300230492926904e-01 4.709127000174191668e-02
-6.434111719172577182e-01 8.302580851990438715e-01 1.754791973173280561e-01
-1.863752214180712352e+00 4.326396202514649625e-01 2.529907897400219818e-01
-9.675234252582874950e-01 9.768413006373127816e-01 3.474975091556488094e-01
-1.038637243771773147e-02 8.920795022817816777e-01 1.369393503098347963e-42
-5.611628785484564785e-01 5.021828141923745381e-02 8.451680697755111979e-03
-1.857891247785280253e+00 5.399111895472191724e-01 3.151850811118453999e-01
-9.209961502403550826e-01 8.171019362166621613e-01 2.758846896767823131e-01
-3.607607832827399363e+01 7.699707528571327897e-01 7.489208709439530987e-01
-5.685206945000359502e-01 4.558339028726200448e-01 7.850619765284869156e-02
-2.478658835331945198e+00 4.035097457705567603e-01 2.695507420164518497e-01
-4.868393966306413384e-02 2.925952435264647100e-01 3.512159397940011233e-10
-7.337356446512918740e-02 3.746336169536733651e-01 4.514986316731380858e-07
-1.905118458530217884e+00 3.382572580056509848e-01 2.001175574420172021e-01
-5.727036312807495255e-01 2.119090318897365322e-01 3.696802185552301029e-02
-3.015434473152153405e+00 9.790944448796178312e-01 7.027498096058979460e-01
-1.128967010272790422e-01 4.581130458368003477e-01 6.518416091166987121e-05
-1.504450570677052568e+00 3.975885569931146835e-01 2.045317473838640654e-01
-1.474915904376242481e-01 1.209792082568895699e-01 1.374590978628614638e-04
-6.128536144153380150e+01 7.752820203017590783e-01 7.627343076976403902e-01
-1.973415183957892394e+00 3.998520245692472885e-01 2.408944334134200393e-01
-1.163551227695755941e+01 9.385394635612721581e-01 8.612468086110020016e-01
-4.103346056981502232e-02 2.062473301343907828e-01 5.376227611586122780e-12
-7.760185737232870862e-01 2.476490475160564309e-01 6.826407655772308292e-02
-5.704923742150949106e-01 2.352743217300946599e-01 4.076730250336657591e-02
-6.975497325865896991e-01 5.887180428874912996e-01 1.403806728906511758e-01
-5.692454113118553538e-01 7.505736566869118942e-01 1.295576842431868658e-01
-3.491769410585668365e-01 3.493539714342266400e-01 1.992964078222998411e-02
-4.701051523168081059e-01 3.264417034213750179e-01 3.890285804625757959e-02
-1.864803827378792134e+00 5.107035417260373800e-01 2.987299037013095848e-01
-1.201997864262918325e+00 7.590285312340996349e-01 3.303296626753506882e-01
-9.406308359650605855e-02 7.651509266995834002e-01 1.847955723371047878e-05
-8.268270659420073443e+00 6.266621019275349092e-01 5.552748453536343609e-01
-3.500995622150075093e+00 1.223513615562130674e-01 9.195174096078086168e-02
-9.554369562436075825e-01 5.938102274980427975e-02 2.084956658192004333e-02
-5.595755818541793936e+00 5.394645552487830065e-01 4.511817332924235591e-01
-1.229695697869236160e+00 6.641984201876413030e-01 2.945272746652698448e-01
-2.428052718519105202e+00 6.784609116485599278e-01 4.494273404688184925e-01
