1.783410778532002583e+00 1.144803569574583291e+00 2.255795261410530883e-01
7.684815825528344968e-01 6.109779206002468044e+00 6.427026375792010970e-01
9.165797778674692475e-01 1.005707181047237331e+00 5.201401397053995179e-03
5.865129821920128661e-01 2.007975173390651180e-02 -2.862266200982901054e+01
5.551602641309797415e-01 2.288517632056945861e-01 -1.870690672538428245e+00
4.750027313514337268e-01 3.475403207271384690e-03 -1.362005721652859052e+02
3.710546494334376888e-01 8.724766269688927212e-01 -5.423427861788909093e-02
1.342235649013711951e+00 1.056755541375529184e+00 7.208792188035169357e-02
8.388438356568309606e-01 1.863846178603819848e+00 3.887831786742913520e-01
4.435214349754548202e+00 8.245384203987379257e-01 -9.438125579421554612e-01
