1.440812203034856909e-01 3.958926263127209300e-01 8.827137653348459123e-01 9.363397016646326509e-01 1.287508253353044085e-01
4.258783614965644393e-02 3.969302738813015319e-01 2.413503377544591322e-01 8.330495720766826206e-01 1.141245290545129520e-01
4.576602712362556336e-01 7.597276761816602608e-01 1.420748845196709853e-01 2.017928828027063526e-01 5.635618709007896854e-01
4.454157375171571287e-01 3.203003861324276169e-01 1.770893596131032366e-01 1.994479179547995473e-01 4.990101204758510822e-01
8.815757878697743077e-01 7.053565910225055857e-01 5.215501982911323609e-01 9.656509030947291183e-02 1.236321100125432393e+00
2.075221040546445517e-01 1.528646539485061240e-01 2.694790669998441413e-01 5.284479836264233121e-01 2.295282548902345676e-01
2.973528675121429599e-01 1.220936835853381197e-01 5.629468177078035263e-01 3.485824924173999140e-01 3.108506327644384726e-01
6.068371601895174994e-01 6.863557674798067554e-01 4.251593765735880437e-01 1.549632178296139751e-01 8.846421363802365878e-01
9.529363692063624880e-01 6.495458213262863545e-01 7.456998671106748189e-01 7.965261132838277192e-01 1.215841144254216966e+00
5.508805014880275852e-01 7.940464898331861532e-01 8.143873663818109732e-01 3.750520371226989669e-01 1.073169653198336349e+00
