4.187523479799509785e-01 7.468074509230284708e-01 1.867234755274908009e-01 1.631052527176155564e-01 6.982516302284844656e-01 1.693394719701586393e-01
3.563290706489204984e-01 2.738323281218631999e-01 6.505436808031785922e-01 1.064758085143340249e-01 8.095785345054163917e-01 6.204697750658625388e-01
5.364288274536310741e-01 4.916798155091561817e-01 6.979420988176817664e-01 6.939814212034545182e-01 6.867585971637338860e-01 1.481156156390439627e-03
7.074588301757872566e-01 4.149337882644738018e-01 1.821663681534979595e-02 9.072142453130696005e-01 9.070100850749738264e-01 -1.432236114597421661e+01
9.691210541360648634e-01 5.380175003890712571e-01 1.795464774082892179e-01 7.845536118806775150e-01 4.416435568052624605e-01 -9.890250942172700288e-01
8.215669542444872242e-01 3.902465472542098190e-01 1.666152171762247391e-03 4.794126242032158425e-01 7.775241296076306208e-01 -1.490971241128179656e+02
8.313965499447346641e-01 3.084935553799130759e-01 4.385457661113687511e-01 5.026447156927731363e-01 4.194037909566540323e-01 -3.127962475104897888e-02
1.738039092208180092e-01 2.332858028941249273e-01 9.809265717158867082e-01 9.282436034724366181e-01 8.221316050917477636e-01 1.928683503087648410e-03
4.031477176453831524e-01 3.381779778059502695e-01 3.908499467301028707e-01 2.097007527857706055e-01 4.343158096386723344e-01 1.308704290245805701e-01
1.654099194878304591e-01 7.336284485041701942e-01 1.854801125636967862e-01 2.249502363686104456e-01 6.964938754746974325e-01 -7.995390873518787300e-02
