9.662344095647583675e-01 6.335226501369197738e-01 5.847147066133042692e-01 2.388640051977602985e-01 2.757940203808053603e-01 3.702330990278545481e-02
4.761966670125761247e-02 2.819742224954628895e-01 7.411938416802608121e-01 7.017927677331765590e-01 6.614592340968652451e-01 3.705205147776305993e-03
3.139161781749552071e-01 7.880699470738627976e-01 2.607081859130989665e-01 7.643126345028782298e-01 5.703898096101125414e-01 3.302732925467080638e-02
2.857110886760172441e-02 1.789572545089715971e-01 9.670965768719287370e-01 2.179081144600596431e-01 7.620464821261657695e-01 1.540570572441873421e-04
7.916531877323340627e-01 7.533676826320321318e-01 6.494744446644757918e-01 8.141303044075676176e-01 6.106212108630137969e-01 2.102277190144981600e-01
1.742801070089463611e-01 4.287189962366150242e-01 3.831121135129958999e-01 9.701206196298117757e-02 7.072427264415680481e-01 1.904580856454749361e-04
9.054478905107121722e-01 8.802225676053171410e-01 9.169717440012586929e-01 4.436786385211666239e-02 3.679249902662291571e-01 1.955058108140637040e-03
6.240902119706381868e-01 8.879094606650895782e-01 2.343708629744285510e-01 9.134777996430217817e-01 9.282529148012619302e-02 5.837398615603542895e-01
6.200204863516519671e-01 2.862286684258050773e-01 2.522304593837326747e-01 1.689621408877144404e-01 8.256973427204813420e-01 7.738283301784435646e-04
7.218687164682329183e-01 8.244806172363006169e-02 3.440553189354353947e-01 4.311518377534246937e-01 4.330571168097380186e-01 4.394932963447072821e-03
