7.319783479452021124e-01 -7.319783479452020014e-01
5.610390188986330351e+00 -5.610390188986330351e+00
1.018923934057243130e+00 -1.018923934057242908e+00
2.091052384453924606e+00 -2.091052384453924162e+00
2.579859470121069975e+00 -2.579859470121070419e+00
6.763620689897916760e-01 -6.763620689897917870e-01
2.452475308423742173e-01 -2.452475308423742173e-01
1.048673352027116312e+00 -1.048673352027116090e+00
1.979111671710197751e+00 -1.979111671710197751e+00
1.439495289664194599e+00 -1.439495289664194821e+00
2.149974588229973893e+00 -2.149974588229973893e+00
2.010950184033989674e-01 -2.010950184033989951e-01
1.018199023655891988e+00 -1.018199023655892210e+00
9.606965082004800038e+00 -9.606965082004800038e+00
4.037493453917487152e+00 -4.037493453917487152e+00
1.055098746496853535e+00 -1.055098746496853535e+00
5.955442429585877662e-01 -5.955442429585877662e-01
1.091249253765197852e-01 -1.091249253765197713e-01
5.161254787618547724e-01 -5.161254787618547724e-01
1.010723082486286950e+00 -1.010723082486286950e+00
4.252060050967138238e+00 -4.252060050967138238e+00
9.343623804439710190e-01 -9.343623804439709080e-01
7.219792731342526970e-01 -7.219792731342526970e-01
8.916878000020141970e-01 -8.916878000020141970e-01
5.201109859716397921e+01 -5.201109859716397921e+01
2.655188509836845512e+01 -2.655188509836845867e+01
5.379452792551614460e-01 -5.379452792551613349e-01
1.661501608985393785e+00 -1.661501608985393785e+00
8.904646397180021947e-03 -8.904646397180023681e-03
1.015207917331094833e+00 -1.015207917331094611e+00
6.067534322555401261e-01 -6.067534322555401261e-01
6.540328699216316544e+00 -6.540328699216317432e+00
7.785775550706970360e-01 -7.785775550706969250e-01
7.849365687332550134e-01 -7.849365687332550134e-01
9.054966557805260718e-01 -9.054966557805260718e-01
3.974778190742564110e+00 -3.974778190742564110e+00
5.306449726037371084e-01 -5.306449726037372194e-01
1.492825206220884660e+00 -1.492825206220884660e+00
3.437190213409753170e-01 -3.437190213409753725e-01
9.018770737078085631e-01 -9.018770737078084521e-01
1.054705560179180379e+00 -1.054705560179180379e+00
7.683331612650090570e-01 -7.683331612650091680e-01
6.146165156140613872e-01 -6.146165156140613872e-01
9.185159162611659101e-01 -9.185159162611660211e-01
1.341280538258245940e+02 -1.341280538258245940e+02
2.062080825801341444e+00 -2.062080825801341000e+00
9.358019361111419299e-02 -9.358019361111420686e-02
1.042341198844067396e+00 -1.042341198844067396e+00
3.953585650231752346e-01 -3.953585650231752902e-01
1.823018744918141198e+00 -1.823018744918140976e+00
3.666807475675558092e-01 -3.666807475675558647e-01
1.646707705893654339e+00 -1.646707705893654339e+00
2.386126075376393096e+00 -2.386126075376393096e+00
1.608845776440547826e-01 -1.608845776440547826e-01
8.484355234337181972e-01 -8.484355234337181972e-01
2.066055306921547180e-02 -2.066055306921547180e-02
7.189141133401587558e-01 -7.189141133401587558e-01
8.244667104186430562e-01 -8.244667104186429452e-01
7.074348684764106832e-01 -7.074348684764107942e-01
6.892261029076587331e-01 -6.892261029076586221e-01
2.962456079637422857e+00 -2.962456079637422857e+00
1.269639416426931566e+00 -1.269639416426931566e+00
4.190293921759724038e-01 -4.190293921759724038e-01
7.756387870384517935e-01 -7.756387870384517935e-01
5.727554730614564660e-01 -5.727554730614564660e-01
1.434101740690079396e-01 -1.434101740690079396e-01
3.735900087531921709e+00 -3.735900087531921709e+00
2.673906821440540149e+00 -2.673906821440540149e+00
4.038306486173962595e-01 -4.038306486173962040e-01
1.339480032395665932e+00 -1.339480032395665932e+00
3.058543176355769666e-01 -3.058543176355769666e-01
1.802450504656306629e-01 -1.802450504656306352e-01
2.256736084456198554e+00 -2.256736084456198999e+00
3.447740712147107645e-01 -3.447740712147107645e-01
2.511277807711941312e-01 -2.511277807711941867e-01
2.424180432656145356e+00 -2.424180432656144912e+00
8.394736678881518088e-01 -8.394736678881518088e-01
5.786130743430886181e-01 -5.786130743430886181e-01
1.436168895440184556e+00 -1.436168895440184556e+00
1.166769417004225318e+00 -1.166769417004225318e+00
1.238416757573725935e+00 -1.238416757573726157e+00
1.849673188857678285e+00 -1.849673188857678507e+00
9.612709354475914569e-01 -9.612709354475913459e-01
1.444724541118815431e+00 -1.444724541118815653e+00
1.398273174302167199e+01 -1.398273174302167199e+01
5.996526777189302493e+00 -5.996526777189303381e+00
8.412952024553034258e-01 -8.412952024553034258e-01
1.981178228849473477e+00 -1.981178228849473699e+00
8.758044016022543954e-02 -8.758044016022543954e-02
3.769802998448522846e+00 -3.769802998448522846e+00
1.601104345513847671e-01 -1.601104345513847671e-01
2.601904883984560968e+01 -2.601904883984561323e+01
3.098671311351588464e-01 -3.098671311351588464e-01
1.069025638113390020e-01 -1.069025638113390159e-01
6.585236923906570006e-01 -6.585236923906570006e-01
7.089008381891440669e-01 -7.089008381891440669e-01
4.598562183303891437e-01 -4.598562183303891993e-01
3.715318912170236132e+01 -3.715318912170236132e+01
5.228255695871074638e-01 -5.228255695871074638e-01
1.236618592551382401e+00 -1.236618592551382623e+00
3.131329169107577304e-01 -3.131329169107577859e-01
8.257780355151385088e-01 -8.257780355151383977e-01
1.187455568168722886e+00 -1.187455568168722886e+00
1.855598283785685698e+00 -1.855598283785685476e+00
9.115018481047578724e-01 -9.115018481047578724e-01
1.111423648440205447e+01 -1.111423648440205270e+01
3.925143557324529686e-01 -3.925143557324529686e-01
2.358963132238661942e+01 -2.358963132238661942e+01
2.186399379251928732e+00 -2.186399379251929176e+00
2.581676292163555431e+00 -2.581676292163554987e+00
7.259062567625471640e-01 -7.259062567625471640e-01
2.128349046587868720e+00 -2.128349046587868720e+00
8.328504415796779137e-01 -8.328504415796779137e-01
2.692448919759787174e+00 -2.692448919759787174e+00
1.787546515859206875e-01 -1.787546515859206875e-01
1.427800593992448297e+00 -1.427800593992448297e+00
6.581389193679454408e-02 -6.581389193679454408e-02
1.114820404591818859e+00 -1.114820404591818859e+00
7.319775604484609621e-01 -7.319775604484609621e-01
3.785704524258164394e+00 -3.785704524258163506e+00
5.462713731241117809e-01 -5.462713731241117809e-01
1.120489649995350163e+02 -1.120489649995350163e+02
1.609095865788022328e+00 -1.609095865788022328e+00
2.005883722810388292e+00 -2.005883722810388292e+00
4.451763550559601157e+01 -4.451763550559601157e+01
5.397146641632153408e-01 -5.397146641632153408e-01
3.312908622116909618e-01 -3.312908622116909063e-01
6.032907641138646859e+00 -6.032907641138647747e+00
3.746766148213689224e-02 -3.746766148213688530e-02
3.817790262704265358e-01 -3.817790262704265913e-01
2.466835777389725926e-01 -2.466835777389726203e-01
1.027046586633532516e-01 -1.027046586633532654e-01
1.081156813284533946e+00 -1.081156813284533946e+00
2.471405675081090436e+00 -2.471405675081089992e+00
1.009492711655084751e-01 -1.009492711655084612e-01
3.897679192173647000e-01 -3.897679192173647000e-01
1.377779817529001527e-01 -1.377779817529001527e-01
1.554752039088341142e+00 -1.554752039088340920e+00
5.321826444074805984e+00 -5.321826444074805096e+00
7.914488238070332748e+00 -7.914488238070331860e+00
2.171883266726898631e-01 -2.171883266726898909e-01
1.029956536310103532e+00 -1.029956536310103532e+00
1.633046286687541149e-01 -1.633046286687540871e-01
1.517819833840178267e+00 -1.517819833840178045e+00
6.870090637494231656e-01 -6.870090637494231656e-01
1.948370056743844003e+00 -1.948370056743844003e+00
3.191012133233345871e+00 -3.191012133233346315e+00
1.332261029787964235e+00 -1.332261029787964235e+00
1.899667372927594133e+00 -1.899667372927593911e+00
1.851354462941121826e+00 -1.851354462941121826e+00
2.344725423178596335e-01 -2.344725423178596058e-01
1.578916478132997570e-01 -1.578916478132997570e-01
2.976994221018327114e+00 -2.976994221018326670e+00
1.323727606201691831e+00 -1.323727606201691831e+00
1.746941163456470658e+00 -1.746941163456470436e+00
7.450317485395074879e-01 -7.450317485395074879e-01
3.877626503973952143e+00 -3.877626503973952588e+00
5.995126402340670291e-01 -5.995126402340670291e-01
1.046383906607042613e+00 -1.046383906607042835e+00
1.067913470750188498e+00 -1.067913470750188498e+00
5.859101610763531864e-01 -5.859101610763531864e-01
3.553115386555410371e+00 -3.553115386555410815e+00
7.408935028379964871e-01 -7.408935028379963761e-01
2.603703475954355362e-01 -2.603703475954355917e-01
6.156923266723595134e-01 -6.156923266723595134e-01
1.840198679292082806e+00 -1.840198679292082806e+00
1.168043315402325977e+00 -1.168043315402326199e+00
1.047627562964035031e+00 -1.047627562964035031e+00
1.753549617510701930e+00 -1.753549617510701708e+00
6.605159699778248239e+01 -6.605159699778248239e+01
9.791421851938334475e-01 -9.791421851938334475e-01
9.592222765773839033e-02 -9.592222765773839033e-02
9.361672742095521471e-01 -9.361672742095519251e-01
1.544385870439809949e+01 -1.544385870439810127e+01
4.309373659053992722e-01 -4.309373659053992722e-01
5.646262594530323531e-01 -5.646262594530323531e-01
1.854772697553833005e+00 -1.854772697553833005e+00
3.291249363051672039e-01 -3.291249363051672039e-01
1.325242890939429152e+00 -1.325242890939429374e+00
6.842379299101570833e-01 -6.842379299101569723e-01
7.209433575151148466e-01 -7.209433575151148466e-01
3.557272055959020962e-01 -3.557272055959020962e-01
2.121376789389137318e+00 -2.121376789389137318e+00
9.274707731774300967e-01 -9.274707731774300967e-01
7.288788087222480838e-01 -7.288788087222480838e-01
3.373385027570750427e+00 -3.373385027570750871e+00
1.304346456234456220e+00 -1.304346456234456220e+00
1.029421795314062527e+00 -1.029421795314062527e+00
4.095742295690437684e-01 -4.095742295690437684e-01
6.000560983995062436e-01 -6.000560983995062436e-01
6.112194035225480132e-02 -6.112194035225480132e-02
1.217540528066747507e+00 -1.217540528066747507e+00
2.690483750075829050e+01 -2.690483750075829050e+01
7.681800055915549708e-01 -7.681800055915550818e-01
3.556636396751762796e-01 -3.556636396751762796e-01
5.321679687559753846e-01 -5.321679687559752736e-01
8.469197275184757734e-01 -8.469197275184757734e-01
4.570606079240561725e-01 -4.570606079240561725e-01
8.147488251991542585e-01 -8.147488251991543695e-01
1.290108021597361709e+00 -1.290108021597361487e+00
1.122465430416619725e+00 -1.122465430416619725e+00
1.612162626515902530e-01 -1.612162626515902530e-01
6.853175413031374896e-01 -6.853175413031376007e-01
7.975648090100683207e-01 -7.975648090100682097e-01
1.285303884742730274e+00 -1.285303884742730274e+00
7.890369688211962274e-01 -7.890369688211962274e-01
1.842404014468950857e+00 -1.842404014468950857e+00
1.776522311023225553e+00 -1.776522311023225775e+00
1.237871133031568815e+00 -1.237871133031569038e+00
1.756736608643588937e+00 -1.756736608643588937e+00
3.081915897843897856e+00 -3.081915897843897856e+00
2.545825934051631378e+00 -2.545825934051631378e+00
5.487392351176977989e+00 -5.487392351176977989e+00
1.306220828711851523e+00 -1.306220828711851523e+00
6.645967040408368165e-01 -6.645967040408367055e-01
1.139286717499259804e+00 -1.139286717499260027e+00
5.026588893597034868e-01 -5.026588893597034868e-01
4.964492936288084635e-01 -4.964492936288084080e-01
1.657880856426734439e-01 -1.657880856426734717e-01
5.260141518143168771e-01 -5.260141518143168771e-01
1.089007260728554982e+01 -1.089007260728555337e+01
8.123564291236274881e-01 -8.123564291236274881e-01
1.240195555348497125e+00 -1.240195555348497125e+00
2.200734588394874347e+00 -2.200734588394874347e+00
4.771433168451361118e-01 -4.771433168451361673e-01
3.482595599727806857e-01 -3.482595599727806857e-01
3.129648931225075814e-01 -3.129648931225076369e-01
9.249212016005935177e-02 -9.249212016005933790e-02
3.450665290114596662e+00 -3.450665290114596218e+00
1.620033048346247728e-01 -1.620033048346247728e-01
4.394085909017356184e-02 -4.394085909017356184e-02
5.314282801352984364e+00 -5.314282801352983476e+00
1.088044375187747548e+00 -1.088044375187747326e+00
1.171735292621986346e+01 -1.171735292621986524e+01
9.218025729082164332e-01 -9.218025729082166553e-01
5.670576145169571314e-01 -5.670576145169572424e-01
1.205006674801123667e+00 -1.205006674801123667e+00
1.000205059188418177e+00 -1.000205059188417955e+00
1.066981049256485514e+00 -1.066981049256485736e+00
2.996997432365206548e-01 -2.996997432365206548e-01
6.483886643820294005e+00 -6.483886643820293116e+00
1.305280567350074694e+00 -1.305280567350074472e+00
2.986466329967664701e-01 -2.986466329967664701e-01
5.150128775073338261e+01 -5.150128775073338971e+01
1.651506511134825272e+00 -1.651506511134825272e+00
3.879219932973382301e-01 -3.879219932973381746e-01
4.169261713516415391e+00 -4.169261713516415391e+00
6.353906048283296526e-01 -6.353906048283295416e-01
1.506699066048396096e+00 -1.506699066048396096e+00
9.291225241153016068e-01 -9.291225241153017178e-01
1.496778072124463499e+01 -1.496778072124463321e+01
1.659598627074771127e+00 -1.659598627074770905e+00
6.144079241175415262e-01 -6.144079241175415262e-01
5.441344027717174292e-01 -5.441344027717174292e-01
5.296571324605765518e-01 -5.296571324605766629e-01
9.210353004776977714e-01 -9.210353004776977714e-01
6.635870083377166662e-01 -6.635870083377165551e-01
2.674269062799382812e+00 -2.674269062799382812e+00
1.070163142081993035e+00 -1.070163142081992813e+00
4.041523373960576038e-02 -4.041523373960575344e-02
1.836588268531923251e+00 -1.836588268531923029e+00
8.302685448684576919e-01 -8.302685448684578029e-01
8.855009738385083651e+00 -8.855009738385085427e+00
5.237391204772508857e+00 -5.237391204772509745e+00
2.259606391074243381e-01 -2.259606391074243381e-01
5.449754700547089215e-01 -5.449754700547089215e-01
1.500599260945433278e+00 -1.500599260945433278e+00
1.058321938996793499e+00 -1.058321938996793499e+00
1.291243901129772498e+00 -1.291243901129772720e+00
4.928415387303033968e-01 -4.928415387303033968e-01
9.508056767291005462e-01 -9.508056767291004352e-01
1.901386315332805332e-01 -1.901386315332805610e-01
4.133150067353213331e+00 -4.133150067353214219e+00
1.118620279957900143e+00 -1.118620279957899921e+00
2.411996777448870491e-02 -2.411996777448870838e-02
7.141721693182371489e+00 -7.141721693182373265e+00
1.220234249160535855e-01 -1.220234249160535717e-01
1.129286690918680058e+00 -1.129286690918680280e+00
2.147965295042340017e+00 -2.147965295042340017e+00
3.846833616017034108e-02 -3.846833616017034108e-02
1.666042866624684593e-01 -1.666042866624684315e-01
5.138946600891262095e-01 -5.138946600891262095e-01
1.171465977441025874e+00 -1.171465977441025652e+00
1.780809186386081766e+00 -1.780809186386081988e+00
6.226805131607578980e-01 -6.226805131607580091e-01
5.554154600529811470e-01 -5.554154600529811470e-01
1.842250155945135859e+00 -1.842250155945135637e+00
1.009144439141553384e+00 -1.009144439141553162e+00
4.565242494186477762e-01 -4.565242494186478317e-01
7.192609627214889556e-02 -7.192609627214889556e-02
6.206120539226669397e-01 -6.206120539226668287e-01
1.735950999779908299e+00 -1.735950999779908521e+00
1.194936279976145377e+00 -1.194936279976144933e+00
1.844097668452780852e+02 -1.844097668452780852e+02
2.144368851063080506e+00 -2.144368851063080506e+00
8.483892988200854024e-01 -8.483892988200854024e-01
2.061239870759221215e+00 -2.061239870759220771e+00
3.018993109215696857e-01 -3.018993109215696857e-01
1.017874165810662257e+00 -1.017874165810662257e+00
1.981359550765764643e+00 -1.981359550765764199e+00
9.306953732578584493e-01 -9.306953732578584493e-01
2.688383569315106580e+00 -2.688383569315106580e+00
2.448747207312662599e+00 -2.448747207312662599e+00
1.395012713109638480e-01 -1.395012713109638203e-01
1.614710230541239522e+00 -1.614710230541239744e+00
2.495627209718006070e-02 -2.495627209718006417e-02
4.305199174310150312e-01 -4.305199174310150867e-01
7.531067602157968111e-01 -7.531067602157967000e-01
2.529431616992405471e-03 -2.529431616992405471e-03
6.008538040730460050e-01 -6.008538040730460050e-01
5.408434439286342182e-02 -5.408434439286342182e-02
2.578472490394168481e+00 -2.578472490394168481e+00
9.226254008804727347e-01 -9.226254008804728457e-01
1.016163798626784187e+00 -1.016163798626784409e+00
3.543634676478115697e+00 -3.543634676478116141e+00
2.564598463344446022e-02 -2.564598463344446022e-02
1.670914921884711912e+00 -1.670914921884711690e+00
6.569283470733852659e-02 -6.569283470733852659e-02
2.789296849384098387e+00 -2.789296849384098387e+00
5.596796064057346642e-01 -5.596796064057346642e-01
4.288463317269006758e-01 -4.288463317269007313e-01
1.529070588850987633e+01 -1.529070588850987633e+01
1.912833939444746889e+00 -1.912833939444746667e+00
1.009572413759572953e+02 -1.009572413759572953e+02
6.267514810894473376e-01 -6.267514810894471156e-01
5.532689179909938693e-01 -5.532689179909938693e-01
3.359376506269312612e-01 -3.359376506269312612e-01
1.382854860968181221e+01 -1.382854860968181221e+01
1.319897381623477806e+00 -1.319897381623478028e+00
3.653367359868949782e-01 -3.653367359868950892e-01
3.548466731873774815e+00 -3.548466731873774371e+00
1.086660993432624345e+00 -1.086660993432624123e+00
2.639451346190901493e+00 -2.639451346190901937e+00
1.821387239522054724e+00 -1.821387239522054724e+00
7.056165033796227171e+00 -7.056165033796227171e+00
1.795949611213046582e-01 -1.795949611213046582e-01
9.545420034574484403e-01 -9.545420034574484403e-01
7.958507042346293359e-01 -7.958507042346293359e-01
1.060032841093537931e-01 -1.060032841093537792e-01
2.111663078857366926e+00 -2.111663078857366926e+00
9.980131490388678417e-01 -9.980131490388679527e-01
1.239036590965692852e+00 -1.239036590965692852e+00
1.509364689342972687e-01 -1.509364689342972965e-01
1.399034215329694852e+00 -1.399034215329695074e+00
5.491783142289669017e-01 -5.491783142289667907e-01
2.226519594508145516e+00 -2.226519594508145516e+00
1.460938038716448339e+00 -1.460938038716448339e+00
4.473569070346078425e-01 -4.473569070346077314e-01
4.034348855047839244e+00 -4.034348855047839244e+00
2.544807076728005518e-02 -2.544807076728005865e-02
1.311072240144201650e+01 -1.311072240144201650e+01
5.256830243006087588e-01 -5.256830243006086478e-01
6.678662328403392578e+00 -6.678662328403391690e+00
2.769622076190975668e-01 -2.769622076190976223e-01
1.842263868975575702e+00 -1.842263868975575702e+00
3.973906744112990497e-01 -3.973906744112990497e-01
2.265276969627109116e-01 -2.265276969627109116e-01
7.705632363168281040e-01 -7.705632363168281040e-01
9.378397543902396993e-01 -9.378397543902396993e-01
8.312839042137702972e-01 -8.312839042137701862e-01
9.647198756643626805e-01 -9.647198756643626805e-01
8.110612184178765949e-01 -8.110612184178767059e-01
1.100392547570926416e+00 -1.100392547570926638e+00
2.225323762755126999e+00 -2.225323762755126999e+00
5.332143831743583334e-02 -5.332143831743583334e-02
3.603413141649742385e-02 -3.603413141649742385e-02
5.736961353619420834e-01 -5.736961353619419723e-01
8.479645673934338435e-01 -8.479645673934339545e-01
5.664047486112872010e-01 -5.664047486112872010e-01
3.115461425221865355e+01 -3.115461425221864999e+01
1.106481677934614938e+00 -1.106481677934614938e+00
3.789055563374291724e-01 -3.789055563374292279e-01
6.221011139367856879e-01 -6.221011139367856879e-01
5.861434238844569211e-02 -5.861434238844569211e-02
8.514329113245777680e-01 -8.514329113245776570e-01
2.820604681289795579e+00 -2.820604681289796023e+00
3.611923073026102049e-01 -3.611923073026102049e-01
1.176559383004173620e+00 -1.176559383004173620e+00
4.842008395708115587e-01 -4.842008395708116142e-01
3.864344998663517550e-01 -3.864344998663516995e-01
6.846691115292209417e-01 -6.846691115292209417e-01
1.690401458776785049e+00 -1.690401458776785049e+00
1.727384905687531225e+00 -1.727384905687531003e+00
5.412173358974847748e-01 -5.412173358974847748e-01
8.371105428411526050e-01 -8.371105428411526050e-01
9.412565982741308845e-01 -9.412565982741308845e-01
3.143820703237584446e+00 -3.143820703237584446e+00
7.575540367294983923e-01 -7.575540367294983923e-01
3.260999800015631500e-01 -3.260999800015631500e-01
1.728123927766955503e-01 -1.728123927766955503e-01
4.417058291111846668e-01 -4.417058291111847224e-01
1.002054079396409891e+00 -1.002054079396409891e+00
1.560379228357525738e+00 -1.560379228357525516e+00
8.594827310865794656e-01 -8.594827310865795766e-01
3.757447462406624528e-01 -3.757447462406624528e-01
9.009034592285057874e-01 -9.009034592285058984e-01
3.323684220764160091e-02 -3.323684220764160785e-02
1.048838426377649125e+00 -1.048838426377649125e+00
1.536218214528796144e-01 -1.536218214528796144e-01
4.498246943486223226e-01 -4.498246943486223226e-01
2.979041149502418939e+00 -2.979041149502418939e+00
6.767776511181616605e+00 -6.767776511181618382e+00
1.126674369756041294e+00 -1.126674369756041072e+00
3.311697343586597064e-01 -3.311697343586597064e-01
1.475336115046437468e+00 -1.475336115046437468e+00
1.446407143038895837e+00 -1.446407143038896059e+00
8.477851191518123386e+00 -8.477851191518125162e+00
7.129141735692885007e+00 -7.129141735692885895e+00
1.466649106398468794e+00 -1.466649106398468794e+00
1.721768442177485481e+00 -1.721768442177485259e+00
3.179838969055948539e+00 -3.179838969055948539e+00
9.299204051437288676e-01 -9.299204051437289786e-01
2.956491952238870027e-02 -2.956491952238870027e-02
1.203724190557747376e+00 -1.203724190557747598e+00
6.774457959241026117e+00 -6.774457959241028782e+00
8.493702210315667855e-01 -8.493702210315668966e-01
1.947450922753256819e+00 -1.947450922753256819e+00
2.608560873016654291e+00 -2.608560873016654291e+00
8.088169892983781972e-01 -8.088169892983781972e-01
1.717195782267626925e+00 -1.717195782267626702e+00
1.286471827330417428e+00 -1.286471827330417428e+00
5.387291543424835849e-01 -5.387291543424833629e-01
7.707038491565874061e-01 -7.707038491565872951e-01
1.000558609785681341e+00 -1.000558609785681119e+00
4.655418256192613846e+00 -4.655418256192614734e+00
1.097524634898298795e-01 -1.097524634898298795e-01
4.685089533090335934e+00 -4.685089533090336822e+00
5.155854445177180168e+00 -5.155854445177180168e+00
3.494129757890013455e+00 -3.494129757890013455e+00
1.717260008490232792e+01 -1.717260008490232792e+01
1.359019612741065419e+00 -1.359019612741065419e+00
2.343417341125782205e-01 -2.343417341125782760e-01
6.520296794497910220e+00 -6.520296794497910220e+00
1.575908250872437799e+00 -1.575908250872438021e+00
1.490646932603704755e+01 -1.490646932603704933e+01
5.040418591577564555e-01 -5.040418591577564555e-01
5.532782909499025514e-01 -5.532782909499025514e-01
1.959251879610776115e+01 -1.959251879610776115e+01
3.107290226877413297e-01 -3.107290226877412742e-01
1.424242089827809088e-01 -1.424242089827809088e-01
2.831865602187629838e-01 -2.831865602187630393e-01
1.143146569366858145e+01 -1.143146569366858145e+01
1.577471532340610771e+00 -1.577471532340610327e+00
3.278405378700131184e-02 -3.278405378700131878e-02
1.956905542465595449e+00 -1.956905542465595227e+00
2.170957216304675308e-01 -2.170957216304675030e-01
7.175230648984450177e+00 -7.175230648984451065e+00
4.678497098265231857e-01 -4.678497098265231857e-01
9.224563955842514096e-01 -9.224563955842514096e-01
6.159430343052142431e-01 -6.159430343052142431e-01
1.145781211536951893e+00 -1.145781211536951671e+00
3.393059587989566417e+00 -3.393059587989566417e+00
1.721046691861786715e-01 -1.721046691861786992e-01
2.593429306410558688e+00 -2.593429306410559132e+00
1.301600742746657158e+00 -1.301600742746656936e+00
1.920211232091398323e-01 -1.920211232091398323e-01
2.536499183886853880e-03 -2.536499183886853880e-03
1.889094201041677357e+00 -1.889094201041677135e+00
4.082490536749395993e+00 -4.082490536749396881e+00
1.446231415758321370e+00 -1.446231415758321370e+00
9.698826510914968502e-01 -9.698826510914967391e-01
9.943731725789961562e-01 -9.943731725789960452e-01
1.543709293854542919e+00 -1.543709293854542919e+00
3.224680340256871887e+02 -3.224680340256871887e+02
7.284818479489033827e+00 -7.284818479489033827e+00
1.047074438574812749e+00 -1.047074438574812749e+00
6.039211488644833814e+00 -6.039211488644833814e+00
1.099801518353861418e+00 -1.099801518353861418e+00
1.789056618190615899e-01 -1.789056618190616177e-01
1.608936590279289147e+00 -1.608936590279289369e+00
1.620924030548651418e+00 -1.620924030548651418e+00
5.854671901759315178e-01 -5.854671901759315178e-01
7.013327122776193967e-01 -7.013327122776195077e-01
4.565229190522165914e-01 -4.565229190522165914e-01
2.194138617617878428e-01 -2.194138617617878151e-01
1.095713128509610002e-01 -1.095713128509609863e-01
4.922935799538900037e-01 -4.922935799538899482e-01
1.089847287174201540e+00 -1.089847287174201540e+00
9.270923946833308227e-01 -9.270923946833308227e-01
6.095661530040012988e-01 -6.095661530040012988e-01
1.740149686602214807e+00 -1.740149686602215029e+00
2.174881195843907933e-01 -2.174881195843907933e-01
9.209737113205739290e-01 -9.209737113205739290e-01
8.485543183659280952e-01 -8.485543183659279842e-01
1.999077886979896412e+00 -1.999077886979896856e+00
7.014573684262200182e+00 -7.014573684262200182e+00
9.425168981306050187e-01 -9.425168981306051297e-01
8.352257218905377589e-02 -8.352257218905377589e-02
5.661961298366427364e+00 -5.661961298366428252e+00
2.299850327818398821e+00 -2.299850327818398377e+00
1.473243527843601131e+00 -1.473243527843601353e+00
1.654753782788231098e-01 -1.654753782788231375e-01
6.493697047318808258e-01 -6.493697047318809368e-01
1.091996967850672184e-01 -1.091996967850671907e-01
1.842494040400626698e+00 -1.842494040400626698e+00
1.033754477536519945e+00 -1.033754477536519945e+00
4.394235103782018204e-01 -4.394235103782018759e-01
2.211195582948229377e-01 -2.211195582948229099e-01
1.440868125783468345e+00 -1.440868125783468123e+00
3.405776902105933646e-01 -3.405776902105933646e-01
3.912518547147196268e-01 -3.912518547147195713e-01
2.289389571610673357e+00 -2.289389571610673357e+00
2.333426393442484148e+00 -2.333426393442484148e+00
2.477730097156316535e+00 -2.477730097156316980e+00
2.947168533433979637e-02 -2.947168533433979637e-02
5.461312915454117345e-01 -5.461312915454117345e-01
2.429930773359600948e+00 -2.429930773359600948e+00
3.815325334098237375e-01 -3.815325334098237375e-01
6.662927510083108684e-01 -6.662927510083108684e-01
6.685439196358958225e-02 -6.685439196358958225e-02
1.535974961387086002e-01 -1.535974961387086002e-01
9.229936063521154699e-01 -9.229936063521155809e-01
8.649659646022653803e-01 -8.649659646022652693e-01
1.703657170588602776e-01 -1.703657170588603054e-01
8.714339925142100540e-02 -8.714339925142100540e-02
7.158974741721362278e-01 -7.158974741721362278e-01
5.822898598498108536e-01 -5.822898598498108536e-01
8.308936850993107193e-01 -8.308936850993106082e-01
2.007746831986444658e+00 -2.007746831986444658e+00
9.013836706797530240e+00 -9.013836706797530240e+00
7.132312734064732984e-01 -7.132312734064732984e-01
4.205326339114211914e-02 -4.205326339114211914e-02
1.241741344934044866e+00 -1.241741344934044866e+00
9.117379604766251422e-01 -9.117379604766251422e-01
1.437290241478791364e+00 -1.437290241478791364e+00
2.217664196936249277e-01 -2.217664196936248999e-01
3.342524008128848756e-01 -3.342524008128849311e-01
2.222611393813702652e+00 -2.222611393813701763e+00
1.848006226076911729e-01 -1.848006226076911729e-01
6.823750991800097733e-03 -6.823750991800096866e-03
4.247848680477075423e-01 -4.247848680477075423e-01
6.671298011778640236e-01 -6.671298011778640236e-01
6.152044167884839210e-01 -6.152044167884840320e-01
2.944662161351295770e-01 -2.944662161351296326e-01
4.650827725512496347e-01 -4.650827725512496347e-01
3.362911879779152180e+00 -3.362911879779153068e+00
1.392810904901173430e+00 -1.392810904901173208e+00
4.172081974217875522e-01 -4.172081974217875522e-01
1.456978256200033295e+00 -1.456978256200033295e+00
8.018232298764821353e-01 -8.018232298764821353e-01
2.144625624703807798e+00 -2.144625624703807798e+00
9.610684411152897733e-01 -9.610684411152898843e-01
2.164682981836322906e+00 -2.164682981836323350e+00
2.248089333683391811e+00 -2.248089333683392255e+00
1.240587889638413932e+00 -1.240587889638413932e+00
4.995663868438492194e+00 -4.995663868438491306e+00
9.399273418757099208e-01 -9.399273418757098097e-01
4.052673169608945747e-01 -4.052673169608946302e-01
3.809295503426925467e-01 -3.809295503426925467e-01
1.819724525942230997e+00 -1.819724525942231219e+00
1.936161233468814746e+00 -1.936161233468814968e+00
8.749912308200220590e-01 -8.749912308200220590e-01
1.396469480274631358e+00 -1.396469480274631358e+00
1.352073429970445773e+02 -1.352073429970446057e+02
2.075966591747020473e-01 -2.075966591747020751e-01
1.066938424680983211e+00 -1.066938424680983211e+00
1.295020739681244371e-01 -1.295020739681244371e-01
9.621800273836690967e-03 -9.621800273836690967e-03
2.065887670455688330e+00 -2.065887670455688330e+00
1.462776948722410930e+00 -1.462776948722410930e+00
9.977836801641347675e-01 -9.977836801641348785e-01
2.639831072474739249e-01 -2.639831072474738694e-01
8.729262920011056082e-01 -8.729262920011056082e-01
8.841313545388970851e+00 -8.841313545388970851e+00
8.402725034366204104e-01 -8.402725034366202994e-01
1.807014107604034914e+00 -1.807014107604034914e+00
1.069301752437036845e-01 -1.069301752437036845e-01
1.335749504109973174e+00 -1.335749504109973396e+00
3.673875594943927236e+00 -3.673875594943927236e+00
3.550447709198450763e+00 -3.550447709198450319e+00
1.204507641655243821e+00 -1.204507641655243821e+00
6.417095076092108608e-01 -6.417095076092107497e-01
1.638609593057998581e-01 -1.638609593057998304e-01
1.075424598885626609e-01 -1.075424598885626748e-01
1.125190456086859303e+00 -1.125190456086859303e+00
1.714876959286504299e+00 -1.714876959286504299e+00
8.403426363622287787e-02 -8.403426363622286399e-02
5.303814536424233950e-01 -5.303814536424232839e-01
6.496520717715532633e-01 -6.496520717715532633e-01
3.250679049443896407e-01 -3.250679049443896962e-01
6.638006616571495710e-01 -6.638006616571495710e-01
1.001711881472340471e+00 -1.001711881472340471e+00
4.882608745943727291e-01 -4.882608745943727291e-01
6.089752018248523191e-01 -6.089752018248523191e-01
1.315584397507246317e+00 -1.315584397507246317e+00
1.648206937495128699e+00 -1.648206937495128921e+00
1.227668914260793498e+00 -1.227668914260793720e+00
8.664278584544181427e+00 -8.664278584544181427e+00
6.035731709842349080e-01 -6.035731709842349080e-01
4.477011576665652193e+00 -4.477011576665652193e+00
2.134028444647992462e+00 -2.134028444647992462e+00
6.735057049947553720e-01 -6.735057049947552610e-01
5.836399200740928217e-01 -5.836399200740928217e-01
8.658713753404169156e-01 -8.658713753404169156e-01
1.263872800180487976e+00 -1.263872800180487976e+00
8.337934571472442880e-01 -8.337934571472443990e-01
5.654869792600278888e-01 -5.654869792600279998e-01
7.356605654717486287e-01 -7.356605654717486287e-01
8.448578319756404609e-01 -8.448578319756405719e-01
1.747634601146490274e+00 -1.747634601146490496e+00
6.761735922303296897e-01 -6.761735922303296897e-01
3.651147143632236691e+00 -3.651147143632236691e+00
4.748646092700852805e-01 -4.748646092700852805e-01
3.203174174573963029e+00 -3.203174174573962585e+00
3.555773148103132275e+00 -3.555773148103131831e+00
7.408573825025784876e-01 -7.408573825025783766e-01
3.083750367445692309e-01 -3.083750367445692309e-01
1.104782504445648073e+00 -1.104782504445648073e+00
1.403652698658971021e+00 -1.403652698658971021e+00
2.186386814334896567e+00 -2.186386814334896567e+00
2.173853532118458443e+00 -2.173853532118458443e+00
5.532979263430307659e-01 -5.532979263430308770e-01
8.922822853894070150e-01 -8.922822853894070150e-01
3.375632404340013770e-01 -3.375632404340013770e-01
8.506361268066271464e-01 -8.506361268066271464e-01
6.138320602208725135e-02 -6.138320602208723747e-02
1.384558763160451278e+01 -1.384558763160450923e+01
4.533038570188522853e-01 -4.533038570188522853e-01
2.827300467055564148e+00 -2.827300467055564148e+00
1.923353580424392639e+00 -1.923353580424392639e+00
2.620324393221765913e+00 -2.620324393221765469e+00
1.892411161369875305e+00 -1.892411161369875305e+00
5.620660482543855530e-01 -5.620660482543857750e-01
1.228553097043750375e+00 -1.228553097043750153e+00
1.887436536988941649e+00 -1.887436536988941649e+00
1.028169281805058732e+00 -1.028169281805058732e+00
5.685125885444667349e-01 -5.685125885444667349e-01
2.045389059129151477e+00 -2.045389059129151477e+00
3.423708709527370497e-01 -3.423708709527370497e-01
2.216428146683757650e+00 -2.216428146683757205e+00
2.216607153888350279e-01 -2.216607153888350001e-01
5.749865057426317705e+00 -5.749865057426317705e+00
1.083739589283180926e+00 -1.083739589283181148e+00
3.488108906259896447e+00 -3.488108906259896003e+00
8.573045298851374341e+00 -8.573045298851374341e+00
3.409248825459771509e-02 -3.409248825459771509e-02
5.292657106961601299e-01 -5.292657106961600189e-01
1.297435215289225852e+01 -1.297435215289225852e+01
1.979881365497798917e+00 -1.979881365497799361e+00
1.053785915411098006e+00 -1.053785915411098006e+00
8.988197380428846195e-01 -8.988197380428846195e-01
4.374427336560175739e-02 -4.374427336560175045e-02
8.771089457002356760e-02 -8.771089457002356760e-02
3.423242839507227853e-01 -3.423242839507226742e-01
8.616809321027978363e-01 -8.616809321027977253e-01
3.884402642968248220e-01 -3.884402642968248776e-01
6.905604682354411494e-01 -6.905604682354412605e-01
3.106693776991252598e+00 -3.106693776991252598e+00
2.931613759967068300e-01 -2.931613759967068300e-01
5.891280447995125291e-01 -5.891280447995125291e-01
1.408613176332578210e+00 -1.408613176332578210e+00
3.479833574050587242e+00 -3.479833574050587686e+00
9.171557421615017525e-01 -9.171557421615018635e-01
1.352981593687982986e+00 -1.352981593687982764e+00
1.725067827223906392e+00 -1.725067827223906614e+00
2.935078395373226900e+00 -2.935078395373226012e+00
2.877449906364895060e-01 -2.877449906364895060e-01
1.089081307712145424e-01 -1.089081307712145424e-01
9.555565757567752172e-01 -9.555565757567751062e-01
5.930476248695272234e-01 -5.930476248695272234e-01
2.825234249997540701e+02 -2.825234249997540701e+02
4.414604878774579966e+00 -4.414604878774580854e+00
1.344304671862949219e-01 -1.344304671862949219e-01
8.886762060979052080e+00 -8.886762060979052080e+00
2.175219411943053682e+00 -2.175219411943054126e+00
1.510257835902612866e+00 -1.510257835902612866e+00
1.016870791303649879e+00 -1.016870791303649657e+00
5.322699840104766267e+00 -5.322699840104766267e+00
2.752921563095857671e+00 -2.752921563095857671e+00
2.167014207180842256e+00 -2.167014207180842256e+00
1.037532196485315916e+00 -1.037532196485315916e+00
5.715547248980997752e-01 -5.715547248980997752e-01
8.207166195188921876e-01 -8.207166195188920765e-01
9.979292050873391773e+00 -9.979292050873391773e+00
1.517336210737071922e-01 -1.517336210737071922e-01
4.178782186900666384e-01 -4.178782186900666384e-01
5.489649346066623192e-02 -5.489649346066623192e-02
6.597836910242133035e-01 -6.597836910242131925e-01
9.014208648535428914e-01 -9.014208648535427804e-01
2.526245186165899104e-01 -2.526245186165899104e-01
1.260558335345845604e+00 -1.260558335345845604e+00
4.304794270915111853e-02 -4.304794270915111853e-02
1.975932251717497923e-01 -1.975932251717498200e-01
2.641823898485715638e-01 -2.641823898485715083e-01
4.886073161355826699e-01 -4.886073161355826144e-01
1.570899767626915688e-01 -1.570899767626915688e-01
1.295719439433885789e+01 -1.295719439433885611e+01
1.679692706474316677e-01 -1.679692706474316677e-01
7.317322581668100900e-01 -7.317322581668100900e-01
8.893070806543569295e-01 -8.893070806543568185e-01
5.281759197148869767e+00 -5.281759197148870655e+00
6.318887528469885329e-01 -6.318887528469885329e-01
1.065872559525512031e+02 -1.065872559525512031e+02
2.160739430531107619e+00 -2.160739430531108063e+00
3.359568671888071151e-02 -3.359568671888071151e-02
6.353299153909137686e-01 -6.353299153909137686e-01
9.835742278473287303e-01 -9.835742278473286193e-01
6.758941600367599500e-01 -6.758941600367599500e-01
1.418208000855988526e+00 -1.418208000855988526e+00
1.268486084564274705e+02 -1.268486084564274563e+02
1.000724066363128245e-01 -1.000724066363128245e-01
2.966208505144002583e+00 -2.966208505144002139e+00
1.182869337417469913e+00 -1.182869337417469913e+00
4.363685690876364931e-01 -4.363685690876364931e-01
4.286219286901090442e+00 -4.286219286901091330e+00
8.757968295492730704e-01 -8.757968295492729593e-01
2.931612578547378445e-01 -2.931612578547377890e-01
4.722850768881746930e+00 -4.722850768881746930e+00
3.938981539461953729e-01 -3.938981539461953729e-01
2.048432881795648530e+00 -2.048432881795648086e+00
2.036096669123962144e+00 -2.036096669123962144e+00
6.932976564932861185e-01 -6.932976564932860075e-01
3.354837883352254080e-01 -3.354837883352254080e-01
5.541464990240948296e+00 -5.541464990240948296e+00
8.448251559919653930e-01 -8.448251559919652820e-01
1.270158347213372896e-01 -1.270158347213372896e-01
4.734341890216142712e-01 -4.734341890216142712e-01
4.680901561029082281e+00 -4.680901561029081392e+00
2.665755023785974398e+00 -2.665755023785974842e+00
1.100002324462934444e+00 -1.100002324462934444e+00
1.627960280884800937e-01 -1.627960280884800937e-01
2.499653046680300417e+00 -2.499653046680300417e+00
1.892744056602873925e+00 -1.892744056602873925e+00
2.336429039042833833e-01 -2.336429039042833555e-01
6.277165344477893261e-02 -6.277165344477893261e-02
1.235323590792345855e-01 -1.235323590792345577e-01
2.341064750512318327e-01 -2.341064750512318327e-01
1.151207867363482018e+00 -1.151207867363482018e+00
4.001095740055160555e+00 -4.001095740055160555e+00
1.128375766797804713e+00 -1.128375766797804713e+00
3.568648115338460824e-01 -3.568648115338460824e-01
2.321403918347963113e+00 -2.321403918347963558e+00
1.561295111464211294e+00 -1.561295111464211294e+00
2.881186743274265494e-01 -2.881186743274265494e-01
3.564922321887773471e-01 -3.564922321887774026e-01
7.140163678224394239e+00 -7.140163678224394239e+00
1.213983241616399950e-01 -1.213983241616399950e-01
5.366568739568241542e-01 -5.366568739568242652e-01
3.803169474731924460e+00 -3.803169474731924904e+00
1.170896898105057593e+00 -1.170896898105057593e+00
3.737989292494418025e-01 -3.737989292494417470e-01
3.235793599534507736e-01 -3.235793599534507736e-01
1.346852732397627816e+00 -1.346852732397627816e+00
1.102229266185300371e+00 -1.102229266185300371e+00
6.659447570440425457e-01 -6.659447570440425457e-01
1.101806900795296862e+00 -1.101806900795296640e+00
8.078580766845431249e-01 -8.078580766845429029e-01
6.367576700866690587e-01 -6.367576700866690587e-01
7.524429156722449441e-02 -7.524429156722449441e-02
3.412559084003590204e-01 -3.412559084003590204e-01
8.340331877932122273e-01 -8.340331877932123383e-01
5.700197735312260150e-01 -5.700197735312260150e-01
1.202765507313114268e+00 -1.202765507313114268e+00
6.933579250783461490e-01 -6.933579250783462600e-01
1.217341058531488329e+00 -1.217341058531488107e+00
1.467721205311119714e+00 -1.467721205311119492e+00
1.788230283316107672e+00 -1.788230283316107672e+00
3.324045163868104780e+00 -3.324045163868104336e+00
3.442316192562512978e+00 -3.442316192562512978e+00
1.157020844632944856e+00 -1.157020844632944856e+00
8.653230075561294532e-01 -8.653230075561295642e-01
1.225225804951130648e+00 -1.225225804951130648e+00
1.750953284732994719e+00 -1.750953284732994275e+00
7.183901094563738265e-02 -7.183901094563736878e-02
9.726155827395072118e-01 -9.726155827395072118e-01
5.843493939007825766e+00 -5.843493939007825766e+00
2.431203570503198907e+00 -2.431203570503199352e+00
2.838424943003959644e+00 -2.838424943003959644e+00
1.431481414148355613e-01 -1.431481414148355336e-01
8.145657353037125681e-01 -8.145657353037125681e-01
1.306607788929006420e+00 -1.306607788929006420e+00
2.845592334861218875e-01 -2.845592334861219430e-01
5.464257328278933068e-01 -5.464257328278933068e-01
9.106500504057721823e-01 -9.106500504057721823e-01
2.297057955354795400e-01 -2.297057955354795400e-01
3.828546805262023067e-01 -3.828546805262022512e-01
1.509362310980564059e+00 -1.509362310980564281e+00
1.527186821029231290e+01 -1.527186821029231290e+01
1.611619718542237067e-02 -1.611619718542237067e-02
1.638313191801893609e+00 -1.638313191801893387e+00
5.060081848827752138e-01 -5.060081848827752138e-01
1.771722664510570755e-01 -1.771722664510571033e-01
1.090923909716154228e+01 -1.090923909716154050e+01
3.239895466317990191e-01 -3.239895466317990191e-01
4.873911647191377788e-02 -4.873911647191377094e-02
1.071762731185437856e+00 -1.071762731185437856e+00
2.745507400174449497e-01 -2.745507400174449497e-01
1.109637721454961090e+00 -1.109637721454961312e+00
6.277420865434767405e-01 -6.277420865434766295e-01
6.684733551644645999e-01 -6.684733551644647109e-01
1.110010406783139780e+00 -1.110010406783139558e+00
3.516938777732687704e+00 -3.516938777732687704e+00
1.140389256003176977e+00 -1.140389256003177199e+00
1.310361981992464175e-01 -1.310361981992464175e-01
1.919680717217715937e+00 -1.919680717217716159e+00
4.206336842102818552e-01 -4.206336842102817997e-01
5.371701483900966911e-01 -5.371701483900965801e-01
4.532270468076283088e+00 -4.532270468076283088e+00
4.543888280581256378e-01 -4.543888280581256378e-01
1.982658868952063891e+00 -1.982658868952064113e+00
1.767491685440745641e+01 -1.767491685440745641e+01
1.789334556080445537e+01 -1.789334556080445893e+01
8.471327017473025967e-01 -8.471327017473027077e-01
7.430033868765355543e-01 -7.430033868765354432e-01
2.531401867526880345e+00 -2.531401867526880345e+00
1.009793440656716390e+00 -1.009793440656716390e+00
1.676022399983014388e+00 -1.676022399983014388e+00
1.193480508627704051e+00 -1.193480508627703829e+00
2.313654794215884436e-01 -2.313654794215884436e-01
5.698038582225146698e-01 -5.698038582225145587e-01
1.407192318426338851e+00 -1.407192318426338629e+00
2.549019237427498030e+00 -2.549019237427497586e+00
1.606219901824506024e+00 -1.606219901824506247e+00
1.702226514995675544e+01 -1.702226514995675544e+01
1.375538697152927803e+01 -1.375538697152927625e+01
3.004695263711439690e+00 -3.004695263711439246e+00
1.235486058804863729e+00 -1.235486058804863951e+00
5.239637441220278413e-01 -5.239637441220278413e-01
1.128887144172841861e+00 -1.128887144172841861e+00
3.094843467565373984e+00 -3.094843467565373984e+00
1.043773176146164161e+00 -1.043773176146164383e+00
3.656322902571479405e-02 -3.656322902571479405e-02
2.994311347868438555e-01 -2.994311347868438555e-01
5.180833954625032156e+00 -5.180833954625031268e+00
1.081019487911023624e+01 -1.081019487911023447e+01
2.234048822736224515e+00 -2.234048822736224071e+00
4.346617940147573522e-01 -4.346617940147573522e-01
8.593691832155128552e+00 -8.593691832155128552e+00
7.360375907342540103e-01 -7.360375907342538992e-01
1.370540964140804785e-01 -1.370540964140804507e-01
2.158011420814562431e+00 -2.158011420814562431e+00
6.483456744132907179e-01 -6.483456744132907179e-01
3.384061652209092497e+00 -3.384061652209093385e+00
1.186996390227210041e+00 -1.186996390227210041e+00
1.051332124483763897e+00 -1.051332124483763897e+00
5.921276335935216295e+00 -5.921276335935217183e+00
2.152340572824331222e+00 -2.152340572824331222e+00
6.607964568597554100e-01 -6.607964568597555211e-01
6.953427120758622904e-01 -6.953427120758621793e-01
9.869419788580255926e-01 -9.869419788580254815e-01
5.425083547578573029e-01 -5.425083547578573029e-01
1.101446552809848711e+00 -1.101446552809848711e+00
2.264713788776107517e+00 -2.264713788776107517e+00
1.608787731036988911e+00 -1.608787731036988911e+00
2.550169200773486189e+00 -2.550169200773486189e+00
9.738085361152827302e-01 -9.738085361152827302e-01
3.468606062709133742e+00 -3.468606062709133742e+00
1.515757106397160925e+01 -1.515757106397160925e+01
5.506846778126519570e-01 -5.506846778126518460e-01
4.314693440397119883e-01 -4.314693440397119883e-01
2.248035494447992444e-01 -2.248035494447992722e-01
5.202140932258610961e-01 -5.202140932258610961e-01
6.923180701556512773e-01 -6.923180701556511663e-01
3.909086894347710839e-01 -3.909086894347711394e-01
2.310405953095425513e+00 -2.310405953095425513e+00
1.808787967114190876e+00 -1.808787967114191098e+00
3.928439190909832623e-01 -3.928439190909832623e-01
5.967539131088694937e+00 -5.967539131088694937e+00
2.075689521957800654e+00 -2.075689521957800654e+00
1.084693536792844304e+00 -1.084693536792844526e+00
1.309437723323568337e+00 -1.309437723323568559e+00
7.514377715837545768e-01 -7.514377715837546878e-01
8.714948309655916603e-01 -8.714948309655915493e-01
1.114163875346621202e+00 -1.114163875346621202e+00
7.608032821432621162e+00 -7.608032821432620274e+00
8.844183368489861863e-01 -8.844183368489860753e-01
2.514613192191498814e-01 -2.514613192191499369e-01
1.473478847740768316e+00 -1.473478847740768316e+00
8.089119022876680720e-01 -8.089119022876679610e-01
1.932832644498249652e-01 -1.932832644498249652e-01
1.025221597699153886e+00 -1.025221597699153886e+00
5.062456642157677322e+00 -5.062456642157678210e+00
9.649405115930627108e-01 -9.649405115930627108e-01
2.912827379336432987e+00 -2.912827379336432987e+00
1.546065817706726853e-01 -1.546065817706726853e-01
3.930698925436898250e+00 -3.930698925436898250e+00
8.930652867425470376e-01 -8.930652867425469266e-01
1.080926230602268223e+00 -1.080926230602268001e+00
6.125893859389683893e-01 -6.125893859389683893e-01
6.467983566011282770e-01 -6.467983566011282770e-01
9.555490479713736329e-01 -9.555490479713735219e-01
1.226658528933485953e-01 -1.226658528933485953e-01
2.077844321792902704e+01 -2.077844321792902704e+01
2.003983682457285198e+00 -2.003983682457285198e+00
6.885209781431991871e+01 -6.885209781431993292e+01
3.550689111200588943e+00 -3.550689111200588943e+00
4.066128441495965085e+00 -4.066128441495964196e+00
1.181574786725735571e+00 -1.181574786725735571e+00
1.595759955920145190e+00 -1.595759955920145190e+00
8.697555906353300337e-01 -8.697555906353300337e-01
1.636024031491777109e+00 -1.636024031491777109e+00
1.574564151337914386e-01 -1.574564151337914386e-01
2.648016864570253759e+00 -2.648016864570253759e+00
1.907748499536167985e+00 -1.907748499536168429e+00
8.035079074973292546e-01 -8.035079074973292546e-01
1.077414335003588519e+00 -1.077414335003588741e+00
3.823271536947149274e-01 -3.823271536947150384e-01
9.847784809827185848e-01 -9.847784809827185848e-01
8.856772929146332629e-01 -8.856772929146331519e-01
1.497347467671762189e+00 -1.497347467671762189e+00
2.471001737796429065e+00 -2.471001737796429509e+00
1.465814072321105499e+00 -1.465814072321105277e+00
2.264578591437735045e-01 -2.264578591437735045e-01
4.853364244538010297e+00 -4.853364244538010297e+00
6.953388895749837983e-01 -6.953388895749837983e-01
3.662504679896795068e+00 -3.662504679896795068e+00
8.811513045862183757e-01 -8.811513045862182647e-01
2.063974272622125516e-01 -2.063974272622125794e-01
1.282650843060504642e-01 -1.282650843060504642e-01
1.359847776653413165e+00 -1.359847776653413165e+00
2.012984789453538870e+00 -2.012984789453539314e+00
1.356014276917775430e+00 -1.356014276917775208e+00
7.315495579933312120e-01 -7.315495579933312120e-01
8.290455284310956685e+00 -8.290455284310956685e+00
5.944810546705826537e-01 -5.944810546705826537e-01
4.723394719664391062e+00 -4.723394719664391950e+00
3.666159347472764729e+00 -3.666159347472764285e+00
1.717956036379805429e+00 -1.717956036379805651e+00
2.997929125702769149e+00 -2.997929125702769149e+00
1.533240926600490106e-01 -1.533240926600490384e-01
4.305805916661001653e+00 -4.305805916661001653e+00
2.923446552710851964e+00 -2.923446552710851964e+00
1.293238907161627038e+00 -1.293238907161627038e+00
2.751330718362078875e-01 -2.751330718362079431e-01
3.177601455545693843e-01 -3.177601455545693843e-01
9.684767991381486585e-01 -9.684767991381486585e-01
4.962587557796566129e-01 -4.962587557796566129e-01
2.233748138978642050e-01 -2.233748138978641773e-01
9.731068412543487867e+00 -9.731068412543487867e+00
3.435835697129593580e+00 -3.435835697129593580e+00
4.080267707494862339e-01 -4.080267707494861784e-01
6.777529331157974291e-01 -6.777529331157973180e-01
1.099572981940809413e+01 -1.099572981940809413e+01
5.319991138113119966e+00 -5.319991138113119966e+00
5.169933018482351095e-01 -5.169933018482352205e-01
2.092830309959529789e+00 -2.092830309959529789e+00
1.772846619422014935e-01 -1.772846619422014935e-01
9.996894946825952699e-01 -9.996894946825952699e-01
8.328727609425813361e-01 -8.328727609425813361e-01
7.109829060948349433e-01 -7.109829060948349433e-01
3.369909763552582316e+00 -3.369909763552582760e+00
3.067272785246813349e+00 -3.067272785246813349e+00
2.975711701319881386e-01 -2.975711701319880831e-01
1.026048620836962355e+00 -1.026048620836962355e+00
2.235728569327569915e+01 -2.235728569327570270e+01
4.885173443541014571e+00 -4.885173443541014571e+00
8.251391606611829799e-01 -8.251391606611830909e-01
1.794758589473768096e+00 -1.794758589473768096e+00
7.837590236011418909e+00 -7.837590236011418909e+00
5.856816056172566842e-01 -5.856816056172567952e-01
9.438519538485881100e-01 -9.438519538485882210e-01
2.699786358630308136e+00 -2.699786358630308136e+00
1.409621307320709782e+00 -1.409621307320709782e+00
5.761005074686104122e-02 -5.761005074686104815e-02
7.973995726650092708e-01 -7.973995726650092708e-01
1.899655155704340004e+01 -1.899655155704340004e+01
3.912974592403163587e+00 -3.912974592403163587e+00
4.564174862637710994e-01 -4.564174862637709884e-01
1.407760894549475450e-01 -1.407760894549475450e-01
3.261490750783010428e-01 -3.261490750783009873e-01
7.254127707956259385e-01 -7.254127707956259385e-01
9.397942721180662096e-01 -9.397942721180663206e-01
1.556881106079590849e+00 -1.556881106079590849e+00
9.224441838481772793e-01 -9.224441838481773903e-01
7.148226814832243292e+01 -7.148226814832243292e+01
7.563397958216041550e-01 -7.563397958216042660e-01
1.934761912278721852e-01 -1.934761912278721852e-01
7.122930470431492189e-01 -7.122930470431493299e-01
1.282374997935078254e+00 -1.282374997935078476e+00
8.022926125053104762e-01 -8.022926125053104762e-01
1.087759387775248721e+00 -1.087759387775248943e+00
2.366936043526022271e+00 -2.366936043526022271e+00
1.564125493840276437e+00 -1.564125493840276659e+00
2.632404464267333211e+00 -2.632404464267332767e+00
8.064895312828935792e-01 -8.064895312828934681e-01
2.419787333761555803e-01 -2.419787333761555803e-01
8.699968997279761140e+00 -8.699968997279759364e+00
1.400628927608049468e+00 -1.400628927608049912e+00
7.452709835008637373e-01 -7.452709835008636263e-01
9.279686988831934435e-01 -9.279686988831934435e-01
4.457377066540975652e-01 -4.457377066540976207e-01
5.626299305125519457e-01 -5.626299305125520567e-01
2.946106585136186506e+00 -2.946106585136186951e+00
1.948615471710901104e-01 -1.948615471710901104e-01
2.951833899985541465e-01 -2.951833899985542020e-01
4.080169738327957818e-01 -4.080169738327957818e-01
7.066305198695679302e+00 -7.066305198695680190e+00
1.094218387654206648e+00 -1.094218387654206648e+00
3.132507939637439454e-01 -3.132507939637439454e-01
1.542750879690114596e+00 -1.542750879690114596e+00
6.134092549413366902e-01 -6.134092549413365791e-01
1.907041425765134968e-01 -1.907041425765134968e-01
1.253910423657397244e+00 -1.253910423657397244e+00
5.605035398717324924e+00 -5.605035398717324036e+00
5.066266287506199228e-01 -5.066266287506199228e-01
1.326287382487508282e+01 -1.326287382487508104e+01
8.411115574605809719e-01 -8.411115574605808609e-01
1.109335973215980875e+00 -1.109335973215980875e+00
1.432179545950696520e+00 -1.432179545950696742e+00
2.317399360755731497e+00 -2.317399360755731497e+00
