1.787944761958254913e+00 6.425171886788424436e-01 4.019819490497491543e-01
2.766230019880107971e+00 2.325104164763035719e+00 6.077092258109202394e-01
3.635642702099852386e+01 5.892733698822643191e+02 8.916294803343435271e-01
2.368398661258772631e-01 9.743618616859158268e-03 3.474086746128776104e-01
2.224676936725720111e+01 4.153484383987996864e+01 1.678451021229440121e-01
2.579974209242953620e+00 1.676920473731060346e+00 5.038621478961562428e-01
1.306092462115844066e+00 8.477282181697578523e-01 9.938910718169375880e-01
2.408444494542410386e+00 1.574135638891960731e+00 5.427487893292577414e-01
2.087840565109042590e+00 7.365283637850015275e-01 3.379284911693932747e-01
5.577301609590167963e+00 1.034742741886516981e+01 6.652947901948378373e-01
2.464381796822803228e+00 1.951782408592164675e+00 6.427549214344249195e-01
1.923965640840797020e+00 4.519013831289142025e-01 2.441625445967411379e-01
4.931279592233160258e+00 1.720686271075436480e+00 1.415182455368007020e-01
1.238517164412587945e+01 3.609321981506033694e+01 4.705996096062244893e-01
1.111988907819827732e+00 4.949828473411500007e-01 8.006067271024036591e-01
4.323944216685998043e+00 6.412475026673042144e+00 6.859548284969948506e-01
1.604175983243025128e+00 6.373235122268547936e-01 4.953200594492892517e-01
1.270444802347679136e+01 3.200504835577866913e+01 3.965855459789355830e-01
3.694969102193957688e+00 4.482723101255964515e+00 6.566747034861021293e-01
3.027226021680131396e+01 2.970539586745670135e+01 6.482994367070837871e-02
4.740177736282159771e+00 6.278164457374695751e+00 5.588219175933117899e-01
3.998923125247297428e+00 7.678955347570089351e+00 9.603864568027811188e-01
4.021026865924680394e+00 7.094977420436622495e+00 8.776211154270965320e-01
1.337680411522168766e+00 6.767331405960018698e-01 7.563846482844455155e-01
9.967642673623565486e+00 1.454705393551889081e+01 2.928330718138583144e-01
2.220765836992602438e+00 2.056882808344429492e+00 8.341305129313144606e-01
1.849567468219052557e+01 5.770941484372629304e+01 3.373931882767521317e-01
3.838545713800165959e+00 2.258213778799471605e+00 3.065219745635585635e-01
6.079003254571193615e+00 1.555305416806392138e+01 8.417457424985993475e-01
4.591594098057231732e-01 1.996640740681002169e-02 1.894100183641018731e-01
8.754410539440644623e-01 2.173616466538124403e-01 5.672298707131842033e-01
1.767402906655843653e+00 7.489656956448367264e-01 4.795355318388805355e-01
4.513767819186202956e+00 8.217145209929540783e+00 8.066265739314054661e-01
3.347933648829452657e+00 4.802024727067308874e+00 8.568419147918935330e-01
3.668081723712394826e+00 5.547500025742835739e+00 8.246113392149594379e-01
5.585096777158771175e+00 1.041672662063891508e+01 6.678821806975469011e-01
1.494403551755967507e+00 8.808451208415972733e-01 7.888487951638553097e-01
3.801538750596301863e+00 2.671883313526571158e+00 3.697674172298158757e-01
1.295278434126602374e+00 7.085385451675400015e-01 8.446313702431761383e-01
4.499838569026918811e-01 5.603633468620427410e-02 5.534849910816457275e-01
6.380886859355687335e+00 2.949446041704251176e+00 1.448799751505471800e-01
5.232226382068277282e+00 5.829509182476690476e+00 4.258816557114093460e-01
1.585414128664444533e+00 1.688098888251415297e-01 1.343205406514174083e-01
5.752043661859570278e+00 4.333485261049491832e+00 2.619527556959461156e-01
4.112162261721234557e+00 7.018116078621487119e+00 8.300610903185281497e-01
3.535186299558543244e+00 1.160736861048289104e+00 1.857544219525636420e-01
1.477743636193070742e+01 8.119986394757125581e+00 7.436817118202487809e-02
7.199902291113172481e+00 9.838163325501085410e+00 3.795690722239257742e-01
7.446323657406134444e+00 2.841870840323502900e+00 1.025062895180282041e-01
2.835753141294496515e+01 1.940637446832890589e+02 4.826558332398923623e-01
1.190551896495861683e+03 6.986613369154814791e+03 9.858254913559849619e-03
3.352803152328508673e+00 5.184067197456649900e+00 9.223261153557208436e-01
3.819313341566903386e+00 4.193301777808519759e+00 5.749307455744294693e-01
4.133124931209312791e+00 6.164990530963869730e+00 7.217808309845992198e-01
3.571272564454962328e+00 5.867186855546712820e+00 9.200552768161568418e-01
5.239553444676059968e+01 2.825020083223129177e+02 2.058083477015423268e-01
1.387274721229050733e+01 1.560312445203960063e+00 1.621498767065232549e-02
3.193308503303741386e+00 2.088235350465554863e+00 4.095695718739108537e-01
1.420460097597873395e+00 9.037766232732503680e-01 8.958453066296523382e-01
5.329872995415477277e+01 1.550225253634353635e+02 1.091417925081096252e-01
2.933877864319052176e-01 1.131931100691701934e-02 2.630061642339376338e-01
1.354395105441650538e+00 7.971837080559263100e-01 8.691558525670790569e-01
4.145205175447012280e+00 2.114577837229137280e+00 2.461283318847760082e-01
5.735493826404453266e+00 1.877648421644819932e+00 1.141570241160286825e-01
4.801054059823282039e+00 8.436935235444593673e+00 7.320513042193197428e-01
1.734222145817047034e+00 1.473749969379143376e+00 9.800412354600590570e-01
2.676298140915590373e+00 1.872416370282792952e+00 5.228335403803912040e-01
9.401243156881534446e+00 1.138322866663628652e+01 2.575875596009187252e-01
2.287321301692598841e+00 5.025922262633816251e-01 1.921283325084278681e-01
5.985920394913241438e+01 1.484537465584061238e+03 8.286273890366595563e-01
4.158902772251853008e+00 5.253448147996109263e+00 6.074589160470964533e-01
3.001653537068533772e+00 8.499484741350409323e-01 1.886694001480013760e-01
1.816773128920841973e+00 8.902780935603473722e-01 5.394538378902852260e-01
5.370343991785189246e+02 3.817027735309416312e+04 2.646982691972125101e-01
4.849349128097695427e+01 1.425599093493202929e+02 1.212440686530793510e-01
4.477612965278882307e+00 7.529706286872785981e+00 7.511296899314895414e-01
1.316741557014540831e+01 4.118939665678817086e+00 4.751320661267788292e-02
9.068299183449505918e+00 3.640925298495675477e+00 8.855030963279242329e-02
4.526028496362789255e+00 9.526066948972657045e+00 9.300559105805401572e-01
9.956545059475595538e-01 4.617943049054232252e-01 9.316681334905525524e-01
1.062742184920361410e+01 4.373175626906983915e+00 7.744102180282164127e-02
4.499878951051028508e+01 7.070017576364152490e+01 6.983109091708916694e-02
3.601659326499004887e+00 2.131051584309328728e+00 3.285630302390184498e-01
5.455179710231391255e+00 3.855415854750788629e+00 2.591093592627524700e-01
5.530610632056038867e+00 6.800601362835700492e+00 4.446631553351900745e-01
1.311560918189916336e+01 1.323055437210290819e+01 1.538264803942804848e-01
5.067871099665409496e+00 2.537375911812922880e+00 1.975894207210444620e-01
1.072159455922734672e+01 2.727207580151432609e+00 4.744925856308124246e-02
1.490729739229393225e+01 6.578689054091866240e+01 5.920679118459417634e-01
7.562389936639978494e+00 1.203460062436274214e+01 4.208657111360712966e-01
9.757861929864960260e+00 1.816725661751655352e+01 3.816014436233078344e-01
4.925275549633124861e+00 2.583751336507613239e+00 2.130196392230383484e-01
2.456503926165573670e+00 2.046233054247375893e+00 6.781881019987485715e-01
7.283183069331175652e+00 8.548060487004413233e+00 3.222961586633114051e-01
1.171868533628112807e+01 1.867696944361035349e+01 2.720060839363410699e-01
2.881949627411231951e+00 4.146900888301908061e+00 9.985754394157644320e-01
1.123449785016871427e+00 5.504799112065643651e-01 8.722965192617202490e-01
9.034692446269629329e+01 1.084781992429574959e+00 2.657943326755951574e-04
3.175402210818675464e+00 4.535951662168896448e+00 8.997066444988909284e-01
5.554874272223500498e+00 4.250523454881614427e+00 2.755014857785159643e-01
5.754804708651176881e+00 9.063523621569215649e+00 5.473509624352996816e-01
4.848518409544841035e+00 9.441127853983644513e+00 8.032223359041034128e-01
3.224917573904384049e+00 2.449537457027851417e+00 4.710606669758751197e-01
1.504088804180589989e+01 9.422063519814906840e+01 8.329694361666676317e-01
2.409367438118703575e+01 1.942552356474680550e+02 6.692627524774232839e-01
3.806111992165278846e+00 5.178238772750593633e+00 7.149060000092010148e-01
1.581917435058806110e+00 1.182360609317628430e+00 9.449576016534096956e-01
1.713735506471193215e+00 6.296904386367376816e-01 4.288145420855180578e-01
1.073215294114269724e+01 1.049441378411227177e+01 1.822277334847094421e-01
1.792297428673424520e+01 1.464966441627222480e+02 9.120896099801493184e-01
8.694305505310090609e+00 1.158541665398929688e+01 3.065292055954206285e-01
2.237522555788573619e+00 2.275624906037869266e+00 9.090668686726807168e-01
1.347597059931128882e+00 3.927451140399389473e-01 4.325344236916309759e-01
2.994005654671217798e+01 2.704330150431683819e+02 6.033710563630909629e-01
1.555021478187416406e+01 4.251591794389018730e+01 3.516485022252909820e-01
1.226827453390961509e+01 1.241415259564909412e+01 1.649605528329894932e-01
1.577287242136024670e+00 1.019669389253026415e+00 8.197242752313101954e-01
5.625928058444372937e+00 4.183039750168537019e+00 2.643221989176894882e-01
3.085135702929926893e+01 3.727915142816905245e+02 7.833348896372536174e-01
4.438227110722877455e+00 3.919328578364256188e+00 3.979446093104890281e-01
1.601639217485752908e+01 4.877082731439359975e+01 3.802425639579110062e-01
1.156676880073920666e+00 6.446146199198319326e-01 9.636205142772815702e-01
1.010086625399877036e+00 3.867720680292758284e-01 7.581722016366727601e-01
5.061565564453140986e+00 1.671069653762335294e+00 1.304532233959236898e-01
1.043289594539445453e+01 2.611218937994760481e+01 4.798036315378482186e-01
6.997670941185235582e-01 2.340251631073093086e-01 9.558407013355728621e-01
6.085492146297447391e+00 8.020771077341791511e+00 4.331663427226926100e-01
1.569257778837938322e-01 9.997545730181470885e-03 8.119603362192078233e-01
2.020227313656032475e+00 1.200495299649840808e+00 5.882879904643057989e-01
7.234153766341119507e+00 1.017751980507582843e+01 3.889524222015343646e-01
1.141947164322582031e+00 2.679099973779932031e-01 4.108912518701811623e-01
1.367394228934583067e+00 8.524698247995756706e-01 9.118460590418668854e-01
1.484685510530701302e+00 4.255437128579171446e-01 3.861048294211587573e-01
7.611819051156492932e+00 2.069657403109152582e+01 7.144166139618086664e-01
1.627453789716544641e+00 6.039151746341101523e-01 4.560249517285923648e-01
5.339416670107120844e+00 1.260363369647395793e+01 8.841748190015514819e-01
2.597307205178901235e+00 2.994766272926444817e+00 8.878636757850807415e-01
1.454459351948898238e+01 6.831073179075437452e+01 6.458263442685310274e-01
1.923340986936049601e+00 1.564325262372610270e+00 8.457548193317444563e-01
7.774262012215695350e+00 9.490745261118135545e+00 3.140595222498659966e-01
9.237947787738721717e-01 2.719909242355826873e-01 6.374313247347704880e-01
6.000987445661718489e+00 1.464171740536690791e+01 8.131610719274704469e-01
6.261909587510270825e+00 5.004998011834620009e+00 2.552820739177279474e-01
1.690473996277135349e+00 3.083796690708278665e-01 2.158235066039084771e-01
1.229341547555744318e+00 6.502555830509507695e-01 8.605358470226956991e-01
3.245758925138848117e+00 1.113117808749537918e+00 2.113190291510644858e-01
2.073261646655453205e+00 6.867213055409535638e-01 3.195231211454738762e-01
4.013576006733116763e+00 6.363303727632128926e+00 7.900410638742266789e-01
2.216566589599845649e+00 2.195393606912792617e+00 8.936775027449670450e-01
9.994714874604918364e+00 2.586983119830515321e+01 5.179439590453813747e-01
2.977177639026994616e+00 8.286274873012369202e-01 1.869734038551282840e-01
1.724818598624881716e+01 1.564327876452359689e+01 1.051649276019077650e-01
2.171477058874870636e+00 1.068521688141042647e+00 4.532135087879036739e-01
9.272720289048487885e+00 2.447310784046516119e+01 5.692523085693691476e-01
1.293570997820380875e+01 2.845758930501429251e+00 3.401320550408704069e-02
2.820401703102471913e+01 9.213707923120085752e+01 2.316554382838192927e-01
2.443802722548014561e+00 1.345715698837654184e+00 4.506620894061832416e-01
4.332162213121826255e+00 8.859072189129250319e+00 9.440800413364655030e-01
3.755322972919571622e+00 4.987940493142080101e+00 7.073863435053910909e-01
1.253822776061925381e+01 6.012127034496365319e+00 7.648668433790284382e-02
1.451760276000214134e+01 6.072762663323030807e+01 5.762706304416903569e-01
9.446795197927665200e+00 4.019929345189871839e+01 9.009058671719777367e-01
1.227554661925119417e+00 4.247041795115159002e-01 5.636828875930917082e-01
2.387541430881308546e+00 1.747660351187099392e+00 6.131760677951310079e-01
1.230763525876706010e+00 2.197717785131175772e-01 2.901701163195233857e-01
6.905689333596644275e+00 1.304577578068255761e+01 5.471240833029701323e-01
5.614008225905683602e+00 5.944674574368154829e+00 3.772350101865138416e-01
1.591221970115710427e+01 1.454715315688110877e+01 1.149069967501246126e-01
2.926750100057336379e+00 2.005250244668331128e+00 4.681955589728826750e-01
7.957223556452998059e-01 2.755973615991693659e-01 8.705263713210024124e-01
1.731739449576471079e+00 1.960024458148256765e-01 1.307152884315074814e-01
5.667041124842460142e+00 1.459524989739028200e+01 9.089265771529743132e-01
2.737331629233795027e+01 3.031981523738256215e+02 8.092854174771891840e-01
4.416728113686223978e+00 1.401718727722959912e+00 1.437108440651483354e-01
1.312335361437208547e+01 5.114648636163579454e+00 5.939585485483023231e-02
6.564094468754982259e+00 1.761225998171885365e+01 8.175144502838407323e-01
2.594523142913259584e+00 2.512175088489668973e+00 7.463882647933609560e-01
2.134317681728338023e+00 1.634004779541001984e+00 7.174063122542851945e-01
3.375010226768886124e-02 3.287299079051596252e-04 5.771903046758052325e-01
6.702407262285075440e+00 1.992353419426043715e+01 8.870227283822225139e-01
2.412522701072694176e+00 1.165146280433341230e+00 4.003756267620218745e-01
5.422916381775714001e+00 5.571538781826109066e+00 3.789128535038950307e-01
5.157557537503252298e+00 3.688500450537777642e+00 2.773266931952330649e-01
7.214815956944341302e+00 2.281475017797190219e+01 8.765873498409501030e-01
2.021785723566679138e+01 1.566907660323674918e+02 7.666606064372684104e-01
3.771197163042582456e+00 2.901062337873343555e+00 4.079703299293495622e-01
3.474538826941103498e+00 3.175440385011310429e+00 5.260652577113891226e-01
2.625828534761885891e+01 1.854318605410979615e+02 5.378753287905779779e-01
5.038020324721669496e+00 9.252508067827372784e+00 7.290706875300509981e-01
4.234142802763746771e-01 4.099191076643096676e-02 4.572957403641468854e-01
2.987112861198331082e+00 1.561691245360048663e+00 3.500434115866065676e-01
1.375039184416052862e+01 2.306345192062685356e+01 2.439631070520377198e-01
2.983006345088337508e+00 9.338333813306252118e-01 2.098896560139229539e-01
2.918063317303917437e+00 2.963236869689198194e+00 6.959963179285515444e-01
3.023612495395292754e+00 9.534535217086581582e-01 2.085822077663997964e-01
1.096069050720124727e+00 4.421409383065052490e-01 7.360628423500095163e-01
3.094968613950021563e+01 2.754996023010043587e+02 5.752259546404998591e-01
1.745065767481489338e+00 7.736316865116344976e-01 5.080899991576229846e-01
5.314472341927549692e-01 7.588484210685496334e-02 5.373592487099122517e-01
2.100582764679453263e+00 1.164838656646218329e+00 5.279784235466761233e-01
2.046134998275569217e+01 4.228401712383946354e+00 2.019936272433275892e-02
3.898714353963089962e+00 7.094206377013253295e+00 9.334498279093668138e-01
1.321094735857262892e+00 7.537061091851927630e-01 8.637023615552732458e-01
1.510668487637664814e+00 1.093538025798381774e+00 9.583530848730211771e-01
1.565971467327466193e+01 4.641955328982114715e+00 3.785848781630152260e-02
3.197524215542440373e+00 4.176629904375300129e+00 8.170117547750292974e-01
4.270525937558494434e+02 1.011346387646369840e+04 1.109091036328058166e-01
1.022800012061106489e+00 3.664184576971870611e-01 7.005286297894818270e-01
6.057814988461110772e+00 1.235617542662949830e+01 6.734138595585721365e-01
4.069268456881172114e+00 4.586031371312556892e+00 5.539037851632747644e-01
1.988863701821613539e+00 1.167035818333273856e+00 5.900708190303048939e-01
4.162764615740552898e+00 4.181798377686464896e+00 4.826467396553352218e-01
3.394882522935327440e+00 3.814806184648621645e+00 6.619923530547270341e-01
2.460005167429498929e+00 2.855380836731562955e+00 9.436740170703082908e-01
4.687882450435366444e+00 4.315406634465163371e+00 3.927338131942315069e-01
1.660050580768361428e+01 2.191439232123517300e+01 1.590438155334371606e-01
2.366850848415671837e+00 1.867543657308889937e+00 6.667437861780706188e-01
4.239379835592559154e+00 2.560647619712562939e+00 2.849542598913952229e-01
2.203866905595731396e+00 1.417302408384230050e+00 5.836087492485133588e-01
1.131825223723631257e+00 6.296212966765751817e-01 9.829935505143102548e-01
6.711816139573743456e+00 1.169771221746672252e+00 5.193388671197562978e-02
3.943765562963217786e+00 2.757499285054377580e+00 3.545873380649046114e-01
4.122312398600025407e-01 9.275564813972082476e-03 1.091662919797152798e-01
4.660126252162935856e+00 8.669124304190100716e+00 7.983803885352452889e-01
3.266363614371835755e+00 3.550738430034463100e+00 6.656096626942049621e-01
3.100703741869609953e+00 1.440780344915247202e+00 2.997141341112110613e-01
6.028187500202295546e+00 1.676713389199248505e+00 9.228164419483153580e-02
2.499530292879177829e+00 1.639243734925102336e+00 5.247551616410828235e-01
1.114421730526802179e+01 4.745317024118939742e+01 7.641807328636622820e-01
2.780048782844342625e+01 3.700893476592259645e+01 9.577049829303507789e-02
3.664999982003827483e+00 2.499379233736779948e+00 3.721467230160422357e-01
2.139291102733462235e+00 4.726342282834269382e-01 2.065453375645136536e-01
1.053154550619209928e+00 4.508078423330309503e-01 8.129002195653273199e-01
2.186020318879012603e+00 1.068867743589175578e+00 4.473480803173343068e-01
1.057463745129098420e+01 2.029209636250041981e+01 3.629325652950569081e-01
2.889444735262971964e+00 3.792571542666949291e+00 9.085210474118382562e-01
7.288850104927691476e+00 1.096554140865402971e+01 4.128022319500395110e-01
1.266933262627217438e+01 1.309204510050719605e+01 1.631285633697056037e-01
3.553904634723500600e+00 5.103442029185686124e+00 8.081307679999684135e-01
6.946826805899868340e+00 1.603070693539256197e+01 6.643695625246958114e-01
5.004430668857110298e+00 3.026821319392418719e+00 2.417171283260314274e-01
3.962829931713314657e+00 2.909433943408136880e+00 3.705336271352072108e-01
1.792785580634317739e+02 9.739250225848274567e+03 6.060365521261537047e-01
3.073964365831182022e+01 3.596281094458940686e+01 7.611775452805791264e-02
2.897809110306130975e+00 5.918985873471963588e-01 1.409735876322187886e-01
2.560054325538145825e+00 2.024710822883374117e+00 6.178664835183196313e-01
7.719112215665451693e+00 6.739069167947184802e+00 2.262013541944098982e-01
3.378871324962165801e+00 2.120001924339697030e+00 3.713837904554954106e-01
5.006708858134787832e+00 2.886969668444190784e+00 2.303390340235349498e-01
2.640805260417128597e+00 1.521969498895850759e+00 4.364788373722504611e-01
5.391071808734894333e+00 7.696200870809142280e-01 5.296099754431593531e-02
5.660896273608407192e+00 1.595854451975928079e+01 9.959851900922018775e-01
1.294027134670152623e+00 7.792744105617999129e-01 9.307512851313182178e-01
4.240388025836626440e+00 3.170524049466098226e+00 3.526548398846288679e-01
4.479767181135923870e+00 4.327999819099969669e-01 4.313266993637432378e-02
3.089114332811781694e+01 1.862205627262315204e+02 3.902920143014834142e-01
1.717636087130107514e+00 1.079479759470921701e-01 7.317827829295209252e-02
1.168042103518243380e+01 6.863011237401746456e+00 1.006068867709374315e-01
4.684980816398478076e+00 8.314119981034609808e+00 7.575837478421864057e-01
3.180082428354883639e+00 4.710966994213976911e+00 9.316725562711272168e-01
1.358169684271725020e+00 7.686268028400563557e-01 8.333692193743353904e-01
2.835356014716885475e+00 3.669895905404403358e+00 9.129953086562567766e-01
3.741266840456932474e+00 5.559168180195921849e+00 7.943326957784574427e-01
4.568296265626232255e+00 2.923602172683976264e+00 2.801816890852878439e-01
4.988470511211211544e+00 2.110272734781089898e+00 1.696030917529175452e-01
4.615779681400734091e+01 7.068856148858773558e+00 6.635734440324281280e-03
4.165130850537750007e+00 1.889646882233528169e+00 2.178478868990612050e-01
2.662234837715260483e+01 1.824974202761971753e+02 5.149843139182291862e-01
5.817643319128895207e+00 1.459708888047405750e+01 8.625853263558211914e-01
7.746126080674896386e+00 1.066299917397348862e+00 3.554186787938906633e-02
1.378461952622000108e+00 5.048441774088201495e-01 5.313709163364820354e-01
3.088275246173083577e+00 4.480149346945420774e+00 9.394863757554916539e-01
1.998779164997181468e+01 1.914657751320818946e+01 9.584986872622336396e-02
1.895942590268077987e+00 1.455642005648519088e+00 8.099052421984674899e-01
4.582394548617180874e+00 2.276104284872748351e-01 2.167889753798390995e-02
2.482552500091938175e+00 1.571254461658602164e+00 5.098936886934299917e-01
7.681160280450769484e+00 6.657864166424352526e+00 2.256894567250927741e-01
3.897213391272376093e-01 6.056757776105010926e-02 7.975571795823911403e-01
3.244125271943012034e+00 3.930392637559290581e+00 7.469141739213882580e-01
1.579338109334013929e+01 1.432299608327135321e+00 1.148454090214745538e-02
1.082832916981689042e+00 3.481189020109873300e-01 5.937924918959576193e-01
2.341199320146719387e+00 2.011333844343570654e+00 7.339008293285913531e-01
5.151898201408321221e+00 1.004699593479609909e+01 7.570623981748174636e-01
2.317199264670953696e+01 1.419053078347070880e+02 5.285692228964661288e-01
3.693612841189055018e+01 5.570189396095945540e+02 8.165771349385589906e-01
4.582421434130236726e+00 9.414060994645591762e+00 8.966376026454826453e-01
1.399993485702148543e+00 1.476474909018400949e-01 1.506621070812448338e-01
8.936644363153833925e-01 2.474546855721197480e-01 6.196931942047136932e-01
1.812709626692054599e+00 3.994582474154618201e-01 2.431335580291328347e-01
4.410669058306828205e+00 3.671905244622431397e+00 3.774961399805480955e-01
1.558274901636998777e+01 2.675676444611528737e+01 2.203816546569732360e-01
5.025628484127005358e+00 7.992063344079697984e+00 6.328607359923235087e-01
4.006509059477111556e+00 1.832973107699063409e+00 2.283777714712316165e-01
5.403331612768083048e+00 2.503291874704383524e+00 1.714818821932893034e-01
2.492350139297899503e+00 2.822900881936583506e+00 9.088820288541701320e-01
2.647346201793276066e+01 2.024267531610059621e+02 5.776654945519200668e-01
8.709686416809072185e+00 2.596679771441665174e+00 6.846101796002923567e-02
6.606183164716546763e+00 1.153854159252543177e+01 5.287856900295488938e-01
4.014276435072305027e+00 5.655115340219247777e+00 7.018703733184792348e-01
7.206861633136220746e+00 4.068018253243232074e+00 1.566464368395282802e-01
3.536323273041001869e+01 4.140780362557285876e+00 6.622291175338301805e-03
1.429365471926357678e+01 5.231666634361294754e+00 5.121338528692098713e-02
2.612766196141588004e+00 2.193288179353251599e-01 6.425761417821096444e-02
1.059277170786178957e+01 4.512020060513196995e+01 8.042328200576340791e-01
1.283624574222857184e+01 3.208583974317673437e+01 3.894640359636284410e-01
4.891788570530740543e+01 1.093902113841860682e+03 9.142671196050259352e-01
1.340566899590536920e+01 5.538739598568567857e+01 6.164018867445794081e-01
1.446667507448474943e+00 2.723389538859277703e-01 2.602569321864250940e-01
4.666259765474053189e+00 7.455679137867572415e+00 6.848246457255802166e-01
7.895721503829277843e+00 1.939537498702456730e+01 6.222208117266581073e-01
1.720453418258964007e+01 1.336426148285854936e+02 9.030028543357199178e-01
3.119362378151262938e+00 3.354082681565818902e+00 6.894013031525495494e-01
2.832236990965468326e+00 2.335652208546908692e+00 5.823431733758487328e-01
2.554488190838581474e+00 1.262304844448016494e+00 3.868890569260891032e-01
8.619790171510166132e+00 2.019770277015014770e+01 5.436740250409014541e-01
3.262044555161332515e-01 3.572953966870894699e-02 6.715488957251407598e-01
1.262973660518232499e+01 4.677733313713736152e+01 5.865119526815011364e-01
1.104467539535698073e+01 5.369009124388234966e+00 8.802747099197705261e-02
4.608117905231925882e+00 1.031039349128201366e+01 9.710868445457294662e-01
8.432178563842152030e+00 1.925783205258473174e+01 5.416987095310018541e-01
4.526016942927925335e+00 8.603310418854167807e+00 8.399689608771644389e-01
6.682212368798309399e+01 4.646816362734987820e+02 2.081349235219016602e-01
2.285113551653665809e+00 1.117052163671185427e+00 4.278463960168547020e-01
4.250718061126664615e+00 7.780946522491288597e+00 8.612670361626134641e-01
1.811223376936451912e-01 1.233359083786772330e-02 7.519266936956197078e-01
4.371957918912292129e+00 4.401891830819113949e+00 4.605930873465494679e-01
1.048450055585223595e+01 4.580138513925211186e+01 8.333225109947488551e-01
1.221434819777486780e+01 3.093417459320732199e+00 4.146941751571842083e-02
5.339422584779637937e+00 8.284309836949415029e+00 5.811627106276183730e-01
2.753610945288951228e+00 5.066183165177391423e-01 1.336305403637344513e-01
2.041523121526346429e+01 5.872627525119748171e+00 2.818083428430384618e-02
3.438816110168740448e+00 2.639072316893820158e+00 4.463375050285404155e-01
2.229931784057325395e+00 2.005377366349683665e+00 8.065716428656406478e-01
3.070394620469889979e+00 2.311927703001028789e+00 4.904738433690577493e-01
3.690894092213250044e+00 3.358557253253717789e+00 4.930824947334702113e-01
5.092088178832694823e+00 1.266340845919577518e+01 9.767620544567221508e-01
4.017959026632658137e+00 1.943706140469538379e+00 2.407961810951129156e-01
1.631518138510846150e+00 1.233852490259120582e+00 9.270633765939021442e-01
6.754757370764513880e+00 1.969371340408740778e+01 8.632530101068646156e-01
2.427562788168838193e+00 2.070729838598706518e+00 7.027688350070333545e-01
2.450627663493833985e+00 1.951869485859542452e+00 6.500190835012867874e-01
1.069406509708452262e+02 6.147240805172217506e+02 1.075039878973822471e-01
7.187685413392459033e+00 1.203395871724877786e+01 4.658653300038663181e-01
1.444332088848988249e+01 2.933374377345255724e+01 2.812311155713518307e-01
1.550436439715374037e+00 1.084684944045585464e+00 9.024552455896824865e-01
1.278215052844337762e+01 1.633415033051316811e+01 1.999487477506340927e-01
3.422867553123906781e+00 2.807222185765855027e+00 4.792107964945738763e-01
5.499230815406152217e+00 4.075197209690082367e+00 2.695099038496273636e-01
3.117700228463122336e+00 3.617370178064439390e+00 7.443106616768788708e-01
2.405063930495160207e+00 1.064773853515629032e+00 3.681578995389332976e-01
4.354416626480376529e+00 5.613249881321711321e+00 5.920854821207480745e-01
5.370538974292156098e+00 4.450523000813013219e+00 3.086066642534538440e-01
1.404247323037139267e+03 5.587810324466312159e+04 5.667407520833389611e-02
2.010771484026246725e+00 9.053840176647351967e-01 4.478549557523602287e-01
3.253718465084502753e+01 5.687686473458516900e+01 1.074498219466788473e-01
3.602000438354946876e+00 3.247142706259976919e+00 5.005458309947534712e-01
4.729020053982963212e+00 9.388412812601101720e+00 8.396143676962819491e-01
2.391218110375831873e+00 2.447574029632641146e+00 8.561058200966903398e-01
6.240656829368245617e+00 1.397846309094705397e+01 7.178419203162139661e-01
5.290449459298560697e+00 8.382865778836160686e+00 5.990145459437784536e-01
4.081163453761432081e+00 7.545220654885481437e+00 9.060120267488035450e-01
1.695931830462601653e+00 9.934154584455285875e-01 6.907869533085119196e-01
3.401630313938107442e+00 3.285318267552747695e+00 5.678494610852247160e-01
6.016927362083354325e+00 7.894473665606684953e+00 4.361176254585743539e-01
1.503262284003332283e+00 1.079093601342823172e+00 9.550356648910964807e-01
2.184953397660377661e+00 1.957212524004825704e+00 8.199429288376757219e-01
2.783292941703084278e+00 3.208330887344756910e+00 8.283069617288062458e-01
3.261883680263231611e+00 3.794178118153137991e+00 7.131990744180028985e-01
7.618111621934247069e+01 8.344709109175074673e+02 2.875719578991541292e-01
4.394793511820922305e+01 4.940300522381859878e+02 5.115715858354292767e-01
2.517909194772771642e+00 3.058626149603742128e+00 9.648865782220542586e-01
5.028473667212188580e+00 5.478948983665189232e+00 4.333660562896451962e-01
1.077146759627402695e+00 3.335596002474419675e-01 5.749812487676737582e-01
2.176558166873909794e+00 2.309365568119510215e+00 9.749495121951901044e-01
1.873325449825392397e+00 1.391044844875172493e-01 7.927653509206911142e-02
5.398595892379614014e+00 1.344349311591017049e+01 9.225299722828588234e-01
5.450376139056258395e+00 2.894878826454859944e+00 1.948980240674719200e-01
1.935261217486409002e+00 1.289576839908039396e+00 6.886491782235143466e-01
1.196453654965321522e+00 5.892322367714230014e-01 8.232367191230850478e-01
1.347780095237385645e+01 4.810465414275234330e+00 5.296378523496392265e-02
1.574494695955209300e+00 8.549446298909023634e-01 6.897402665015686107e-01
7.653559612523094247e-01 2.403986215108065150e-01 8.207956200121567791e-01
2.507398143612936003e+00 2.181325746563328671e+00 6.939112381818002273e-01
3.145677010239128535e+01 2.010242612061653631e+02 4.063031726984971392e-01
7.631780404004248730e+00 5.766097932181778241e+00 1.979977608304085424e-01
7.018444779762801566e+00 1.418162709315634373e+01 5.758034762446020416e-01
5.818910868617403587e+00 9.389681288645485679e+00 5.546224400821875289e-01
2.341868050614611008e+00 1.923233585432697623e+00 7.013538522857840629e-01
1.216045109821282288e+01 1.040849457916176846e+01 1.407727338410352802e-01
4.512781547926611125e+00 6.003756760475496002e+00 5.896094864428175208e-01
1.186295908020528866e+00 6.935398085407001867e-01 9.856332030797522181e-01
1.394122284652429267e+00 7.676050872404984737e-01 7.898890644769337444e-01
3.887938401016690637e+00 2.393465539061522929e+00 3.166783865327730263e-01
1.688453126540918703e+01 5.230275460797727050e+01 3.669243560548761662e-01
2.672116960381022750e+02 1.671656083247189372e+03 4.682372943289414557e-02
3.785704512576563818e+00 6.569003343354133939e+00 9.167186208815175652e-01
2.110237327024794851e+01 9.476513415408629015e+00 4.256140693352961080e-02
2.051476848826504717e+00 9.045676316424881014e-01 4.298706542342628500e-01
2.209958840801335533e+00 1.669171164851457334e+00 6.835377408798376520e-01
7.182388289374554091e+00 1.260170298440863945e+01 4.885640139173242913e-01
1.419418738835918781e+01 1.609516023093291670e+00 1.597733096079789750e-02
8.176358957793443238e+00 1.519833263652268585e+01 4.546801995675695540e-01
1.898563450082441095e+00 1.787468438263140280e+00 9.917863939940280149e-01
2.109664905982405081e+00 1.496104177543961189e+00 6.723027292072593086e-01
6.398258913132523595e+00 1.110264975213282135e+01 5.424166530697795974e-01
1.136635861542011305e+01 1.888576486975454571e+01 2.923626338171709804e-01
6.923953598961772649e+00 1.680963558277139613e+00 7.012615003609534714e-02
1.820210254711078557e+00 1.597020080401829523e+00 9.640448944741393245e-01
3.590439725930154147e+00 3.479908867112855742e+00 5.398866460023060698e-01
1.031439138177682935e+01 2.152110780848967053e+01 4.045827901966611018e-01
4.434060859395951404e+00 2.077706018863361592e+00 2.113541570085478716e-01
2.350618318515626637e+00 1.959876483158571325e-01 7.094053588586801684e-02
1.865503972697159840e+00 5.398923701517772678e-01 3.102736032153224910e-01
8.625370397458386407e+00 1.250003769847032764e+00 3.360360031540621240e-02
3.583708377345359075e+00 1.539733617763866524e+00 2.397785137283328094e-01
8.521077925263076835e+00 3.395558644720378538e+01 9.353026338532987038e-01
2.527856218494105800e+00 4.226873053001053981e-01 1.322953148117480549e-01
1.831018768838362565e+00 1.142587890971976217e+00 6.816069666872870414e-01
2.382179313426165290e+00 1.500369924074844041e+00 5.287853902644529258e-01
3.119709808033420018e+01 1.123191538152587015e+02 2.308104256960749057e-01
1.461087044305957372e+00 6.627809660822687743e-01 6.209374356508089443e-01
1.922636055527527077e+01 5.663911631830854532e+01 3.064448305886199320e-01
4.537299205673310354e+00 5.578041692568852516e-01 5.418972080168582561e-02
1.491244672082348677e+00 9.825216312883000569e-01 8.836378417039256750e-01
1.513487115002267736e+01 3.003939709349613096e+01 2.622791404047207786e-01
4.514092735253508515e+00 1.581824560868828389e+00 1.552556295707117062e-01
6.649641692390185099e+00 8.373764835743653379e+00 3.787514174778114917e-01
1.504405291417937818e+01 4.169794806741410298e+01 3.684808947642600474e-01
1.946773407483470164e+00 1.133356028379763902e+00 5.980886270726052389e-01
7.163670035752774723e+00 1.291883965947658908e+01 5.034801539886546440e-01
4.560235924056644130e+00 2.190608089864832131e+00 2.106784234829675029e-01
3.201155509367137775e+00 4.318391486140024327e+00 8.428270431502987714e-01
3.965091478901324962e+00 7.557817423128398104e+00 9.614350908772359983e-01
1.570623948042765505e+00 1.205807426963649842e+00 9.776052384383910887e-01
3.936334897327987026e+00 5.249053417295755919e-01 6.775274685210830317e-02
4.003498758274304237e+00 3.069024222630154952e+00 3.829577964551847957e-01
2.677198300790049501e+00 2.642613521152925582e+00 7.373990386092857952e-01
1.953027542455727517e+00 1.374766070075492230e+00 7.208452894081399664e-01
6.686211178123828702e-01 1.006651905950930320e-01 4.503489320922706707e-01
1.607284387947408888e+01 6.125494228875939484e+01 4.742263462700343490e-01
6.883123264737024405e-01 1.360296070036164096e-01 5.742385506669932527e-01
9.975121703741884005e+00 3.586933454161341928e+01 7.209695272366126728e-01
6.146152517538324389e+01 1.205673385844252579e+02 6.383413882524735516e-02
1.678792381837535430e+01 6.567213982125507776e+00 4.660335505731794115e-02
2.962779889266716093e+00 4.270897096991268960e+00 9.730839897992714649e-01
4.007207077182330046e+00 4.175662409985346102e+00 5.200819773921876443e-01
3.312601494696945537e+00 3.992623772108872870e+00 7.276960154655509605e-01
1.495454005781270013e+01 8.266400269692745439e+00 7.392652725336301689e-02
1.608759371538361460e+00 1.067224731705112672e+00 8.247146265711675639e-01
1.767688698635969446e+00 1.362110414948508152e+00 8.718278508481968059e-01
1.874814968859933373e+01 1.024513963907825342e+02 5.829496596644879736e-01
2.682056782476993462e+01 1.354116527235723879e+02 3.764870982848198544e-01
5.097016046320544724e+00 7.596256967883797451e+00 5.847869086783917814e-01
2.820392801056935905e+00 2.721860592043548355e+00 6.843474896212581315e-01
1.367438637611428476e+01 2.250147514867598986e+01 2.406718477547276080e-01
1.066980961107335801e+01 6.060109991637816051e+00 1.064626230589429401e-01
4.574932216081838199e+00 1.486677925454677585e+00 1.420618811087377420e-01
4.480709175862849669e+00 2.564604097605891919e+00 2.554799451947348254e-01
3.135727965718263288e+00 1.085872717782216723e+00 2.208676747063277324e-01
1.827836535144263763e+01 1.340977130729228008e+02 8.027432443586358657e-01
1.243641163392292137e+00 1.410269407564643807e-01 1.823651734174797090e-01
2.551012877227366804e+00 2.160399197517069769e+00 6.639550847280348833e-01
5.821271405056385184e+00 1.374567310451480040e+01 8.112604636347172660e-01
1.410051598502476855e+00 3.207733942392150817e-01 3.226698036585291529e-01
9.922100663561319589e-01 2.386179431430330289e-01 4.847589497299754635e-01
3.334806372334450320e+00 4.251782369381866822e+00 7.646448661384406265e-01
3.849731495035342843e-01 2.405806860831362012e-02 3.246608150223941891e-01
4.887151736608284835e+00 1.109030346650441068e+01 9.286707761778866255e-01
3.859047344299630034e+00 4.897989139330187314e+00 6.577905046623624408e-01
8.766319885620063035e-01 1.159415920889161344e-01 3.017412096904377172e-01
6.439317540456846700e+01 8.695888042924237880e+02 4.194345982435805364e-01
3.092990859633957701e+00 1.116156681037715481e+00 2.333446702080629320e-01
6.631638356145101998e-01 9.976853449429150256e-02 4.537137270970483804e-01
1.086361811775927677e+01 2.068322383743823423e+01 3.505090584554512168e-01
2.449499965740190799e+00 2.077685006002851331e+00 6.925558878850146538e-01
3.114509037400445823e+00 2.031395638609722720e+00 4.188372703468608016e-01
3.029200483813935918e+00 3.195598089744065451e+00 6.965080071649016880e-01
3.461963981902929532e+00 3.422709367133829894e-01 5.711562436723116587e-02
3.625412676653718247e+00 3.464016661965469090e+00 5.271024927041990660e-01
6.450526386863030481e+00 1.725991644240413736e+00 8.296183936553969129e-02
3.645532946829315613e+00 1.375196654411531272e+00 2.069534866899944703e-01
2.627072708363797915e+00 2.114491590870664073e+00 6.127619259799161888e-01
1.151788927670379437e+01 4.247670005676388172e+01 6.403758817811044946e-01
2.082416952801614318e+00 9.538798903115688343e-01 4.399347901071640754e-01
3.325649979460616468e-01 4.817215645194015960e-02 8.711100157889110074e-01
1.640956795803537371e+00 1.281254353997760775e+00 9.516364238233998574e-01
8.308890837654310246e+00 1.442896708223887892e+01 4.180027431187469666e-01
2.038095634808785750e+00 1.157698729960515927e+00 5.574121551645007111e-01
8.759868771008276767e+00 5.735585028371788852e+00 1.494901293720366509e-01
1.944299497551622791e+00 5.667449681258081018e-01 2.998412230465575812e-01
2.579053888725016286e+00 2.981470160957233606e+00 8.964779859944861373e-01
4.665733089290369229e+00 2.078751405226578530e+00 1.909821464864241980e-01
8.986521690940717733e+00 4.275703317574477857e+00 1.058898430524245482e-01
1.100302016812535699e+00 1.588055035175298113e-01 2.623443568688880179e-01
1.080142246145003604e+01 1.237336653212216397e+01 2.121074725435776465e-01
4.539655710212018747e+00 6.458208607537764046e+00 6.267527249031173975e-01
1.513844087569664509e+01 6.465316227047921416e+01 5.642316830992332166e-01
1.268955316455068205e+00 6.452690743033113741e-01 8.014532376797154356e-01
3.671686097689981665e+01 5.427948446114852459e+02 8.052572054406258450e-01
7.967367242784748171e+00 1.995653301586045147e+00 6.287607439633935424e-02
2.832632534248841427e+00 1.597141582389286496e+00 3.981006940078790635e-01
1.053109092325611407e+01 4.313075533283974039e+01 7.778042909818746464e-01
2.986554123677239492e+00 1.322767439272737544e+00 2.966010692592547793e-01
5.549631347357053102e+00 5.674668284137922569e+00 3.685039997694896652e-01
4.496391878626683436e+00 2.797051500929705004e+00 2.766955337931852332e-01
1.016603252310090078e+00 4.389509676289136131e-01 8.494601634422970227e-01
6.814675004338326403e+00 1.592578143392438506e+01 6.858678550020003151e-01
1.649943602420105959e+00 9.766473364696803827e-01 7.175126568898326784e-01
8.551606653344200026e+01 1.360058477244626829e+02 3.719564930993302099e-02
3.214632512565900768e+00 3.137245873098805760e+00 6.071778034504724531e-01
6.081517350298778268e+00 1.203531834974734060e+01 6.508241770211168342e-01
2.164271869194708486e+00 2.863290170412790547e-01 1.222564353397794790e-01
5.594437618193103923e+00 1.035273715775403325e+01 6.615646827364840554e-01
3.673657184657195263e+00 5.478750564590415095e+00 8.119219277257370138e-01
8.039335872242483561e+01 3.042611394175279997e+02 9.415342794260206372e-02
1.183813940558540345e+01 1.827750523924967041e+01 2.608434963840968734e-01
1.181192633552367077e+01 5.037418187320281504e+01 7.220986645388258740e-01
1.620371119883927014e+00 2.350308366262364723e-01 1.790300174565421232e-01
2.000620199059814475e+00 1.964903653188094568e+00 9.818427942005079068e-01
3.497503389115805383e+00 2.441436552872116028e+00 3.991711545328620048e-01
2.744198704909470710e+00 2.784485162484734655e+00 7.395095615597625516e-01
8.137167525817853075e+00 1.772092626408121774e+01 5.352662979721257708e-01
9.584246003970804395e-01 3.414787347302072895e-01 7.434944899826859688e-01
2.357664620434969383e+00 1.420236401479176180e+00 5.110066859934635497e-01
1.436843965727769845e+00 1.013414683980550457e+00 9.817433576499099424e-01
6.563995961906899268e+00 1.747249270233245610e+01 8.110511660227011088e-01
2.473587693662186027e+01 2.353673727158143265e+02 7.693458793961535092e-01
2.042506857434308376e+00 9.061100421785135417e-01 4.343940747058481211e-01
3.454083859362950815e+00 5.907402620163682450e+00 9.902863945313120642e-01
8.311935401864336548e-01 3.341718169917093362e-01 9.673764197257584962e-01
1.491345962629042887e+01 2.679783911691500098e+00 2.409755418419334827e-02
1.655949210081939738e+00 1.025462525665516322e+00 7.479210650509602321e-01
7.412153442119043234e+01 2.554824882046782477e+02 9.300415052076926870e-02
1.933399873007189296e+00 1.351547476464613151e+00 7.231325825128488427e-01
3.138248656497871547e+00 2.542435185749837956e+00 5.163036351368033294e-01
2.124660631580799208e+00 1.210087802947858560e+00 5.361270718197588270e-01
1.064451186980134967e+00 5.000155592680453065e-01 8.825961185969236622e-01
3.645883821282870585e+00 3.587507025903989621e+00 5.397803928746935931e-01
1.072051310264913848e+00 4.009846106218291073e-01 6.977929172007240055e-01
4.889443418811955766e+00 5.424610979806243627e+00 4.538159385574423998e-01
4.276315324426208875e+00 1.284751870653585204e+00 1.405108339672799245e-01
1.166496137463982841e+01 1.910297577011748160e+01 2.807788625340327249e-01
1.232096891250666237e+00 5.028718402205776261e-01 6.625178575912521461e-01
3.982562667731201156e+00 2.428228839944393425e+00 3.061923752719397651e-01
9.317966858740025060e+00 6.496339100632339658e+00 1.496429837943901164e-01
4.909465118493348434e+00 1.236858789354981614e+00 1.026317555667443093e-01
1.406746303077056304e+01 1.063491813008989162e+01 1.074812185713891477e-01
9.659645598586573456e+00 4.085731176570834400e+00 8.757444593900332031e-02
2.582978807387955045e-01 2.385726224546488514e-02 7.151693840013365611e-01
3.532010392113481778e+00 4.503207033992844721e+00 7.219514022205456572e-01
3.811205339402012893e+00 3.863186618254009108e+00 5.319257164729410681e-01
1.047688651585327424e+00 3.360210522686477574e-01 6.122545252388804649e-01
3.704820647342387918e+00 2.545028067550735962e+00 3.708413857014274395e-01
2.213527675050009691e+00 1.524616483507591269e+00 6.223299384888696384e-01
3.600270318206183706e+00 1.655257741966840834e+00 2.554026525744790277e-01
4.546765217876774123e+00 1.017405098266862140e+01 9.842804228341713868e-01
1.006777372044459362e+01 3.307401568226353561e+01 6.526044513841099404e-01
1.952618929805364001e+00 9.674312522321552033e-01 5.074755441853019411e-01
5.069141007743145799e+00 6.971515114150663273e+00 5.426107888524250855e-01
2.260260586430553165e+00 1.206326423553162552e+00 4.722563567180850796e-01
3.148682645046109840e+00 3.695275969233399405e+00 7.454509844435194266e-01
1.261288546772902919e+00 4.747624301516805145e-01 5.968668181196634670e-01
2.383866049128256748e+01 3.304997936449681095e+00 1.163154730692539385e-02
9.788911177969880084e-01 3.415323695266429538e-01 7.128416900853034033e-01
1.114574368172901675e+00 6.065017890076355167e-01 9.764364411371360131e-01
3.791630912400071107e+00 6.063384171656004185e+00 8.435153122598558761e-01
3.184890511817234593e+00 3.184471458226064478e+00 6.278824473122569527e-01
1.042584461356030667e+00 4.389034934005862088e-01 8.075632318075873783e-01
3.140175378638424331e+00 3.173141277099494673e+00 6.435934211190699195e-01
6.466173960498259987e+00 1.096894028388714482e+01 5.246865109433964669e-01
8.304709156142854098e+00 2.444716601648161713e+01 7.089402966499905867e-01
5.099938417293370208e+01 3.158763853749309192e+02 2.428942821633267579e-01
1.428458602228028163e+01 8.833840452683229927e+00 8.658531264211621892e-02
1.357046307019915687e+01 2.428147856030555474e+01 2.637034363250936320e-01
9.078239421151044208e-01 3.529658676149049490e-01 8.565632581201922946e-01
4.018463581429739584e+00 6.202450254847725830e+00 7.681980704376508706e-01
1.089462993075139607e+01 2.499436586849334319e+01 4.211600349142524680e-01
3.440490253387544772e+00 2.470517013054904343e+00 4.174237745957495305e-01
1.154436710219282780e+01 5.116922300575742355e+01 7.678892025502181973e-01
3.356411361670577964e+00 3.089216143342513821e+00 5.484384897735968822e-01
7.848779162263686437e+00 9.891602673841443760e+00 3.211385481042792200e-01
2.632670065066659859e+01 3.006979355955609208e+02 8.676959524392889866e-01
2.457865276932887255e+00 1.215257824897839400e+00 4.023298667408915508e-01
2.974564783588491412e+00 1.025333315603411899e+00 2.317651862984744238e-01
7.769703003090396187e+00 4.960790330246617752e-01 1.643508789517000857e-02
2.445678490647833936e+00 2.328942396527605041e+00 7.787355741523502850e-01
6.396028114934374287e+00 1.256322348471511496e+01 6.142007647923310998e-01
2.872367581315909746e+01 1.540150014421474225e+02 3.733472759977447542e-01
5.294903958542962918e+00 3.517213172598288029e+00 2.509068467490591647e-01
5.005565033698086808e+01 9.686933990280614353e+02 7.732325353081752617e-01
5.759838140582108856e+00 1.546180744824293640e+01 9.321154307002568196e-01
4.256178254433125474e+00 4.437960337994004689e+00 4.899748575163860309e-01
2.206668943626333146e+00 2.090088107653414351e+00 8.584603165782308531e-01
1.936566075652977048e+01 6.658707394035636185e+01 3.551037733858376511e-01
2.412954713030471154e+01 2.990778464124689151e+01 1.027344022411383895e-01
6.086832995920045342e+00 4.675585413411283753e+00 2.523964361377831755e-01
3.991527758418975225e+00 6.988347798465932570e+00 8.772557003924336128e-01
3.831339283203009316e+00 5.036445565455249351e+00 6.862034781622021740e-01
4.255913057373057029e+00 6.583603678728396247e+00 7.269560918375024272e-01
5.846607687540519294e+01 6.453710757785178203e+02 3.775996529043736949e-01
1.705804922555116434e+02 2.306696301254846446e+02 1.585483359408468296e-02
4.501799450292080174e+00 7.648374978201144536e+00 7.547912902569167137e-01
5.062726760157721273e+00 6.161165858606000079e+00 4.807551201842392707e-01
4.679548495564296751e+00 4.032891952060372986e+00 3.683313439312245752e-01
3.072633154248525233e+00 2.703328154996087029e+00 5.726738317397956912e-01
2.267751093918275895e+00 1.783529523354173474e+00 6.936166795977718458e-01
1.570042614907575684e+00 9.496726611236614435e-01 7.705149164765781045e-01
3.181613110583604520e+00 1.021041367758752427e+00 2.017337671113840214e-01
1.377783721355579916e+00 5.726065373551656457e-01 6.032873226124324528e-01
2.222497827611586096e+00 1.166986379287752840e+00 4.725122721077030796e-01
6.899819417567400137e+00 1.013359525286400675e+01 4.257141648296208780e-01
2.836323124176948696e+01 1.612616585205376509e+02 4.009126006156126243e-01
1.073702541095425822e+01 2.347285728042754727e+01 4.072189614379343459e-01
6.025995743053095266e-01 1.437391581914694745e-02 7.916759496049174949e-02
4.254398257553274476e+01 8.363493987290086125e+02 9.241478563202984997e-01
2.163964968308233594e+01 1.247879816536419550e+00 5.329694359499037581e-03
3.341859113456910002e+00 5.102311063967420068e+00 9.137358273979846457e-01
3.391655460928751697e+00 4.576431433986889452e+00 7.956709441052138843e-01
2.073958667541661693e+00 1.884121503963139155e+00 8.760697969721750189e-01
4.581493934666537982e+00 2.294310550155553408e+00 2.186089639224361170e-01
1.178466224799534778e+00 3.536597846675999524e-01 5.093090505586255201e-01
1.968880891207285488e+00 1.368889506555922120e+00 7.062516932075602050e-01
4.411999345724909039e-01 8.497863025504902301e-02 8.731097610116751451e-01
1.358342264541264122e+01 1.981956197908138861e+01 2.148352888205524724e-01
2.615489572707100052e+01 1.000675927620271466e+02 2.925616941626183465e-01
4.015172779179388307e+00 3.260403398559895471e+00 4.044760918731470367e-01
1.687946017985770819e+00 9.911662911579778301e-01 6.957599285519643351e-01
1.788875749681528760e+01 2.799356731495490891e+01 1.749556160398094695e-01
2.946472444990648043e+01 7.458133672892373056e+01 1.718127506214941480e-01
5.829319014325674786e+00 7.059187447667357063e+00 4.154789865966024287e-01
6.367080296568432551e+00 4.302818175875757767e+00 2.122767043156019717e-01
8.144181979953316608e-01 2.943226392576945849e-01 8.874803097761130299e-01
4.489170279144337528e+00 2.665476367918057310e+00 2.645286247726255091e-01
1.241473711032186777e+01 2.795519928701560630e+01 3.627584463476987153e-01
4.502112655735109215e+00 5.685298814183964211e+00 5.609841297515181235e-01
2.920696711505761822e+00 2.689134184085583357e+00 6.304774322793786911e-01
2.536612495673027823e+00 2.275713882395607790e+00 7.073582114599227255e-01
1.115797878055689374e+01 2.480804255698085115e+01 3.985212020266720723e-01
1.053098287690376722e+01 1.271367789904767953e+01 2.292785290474907978e-01
1.073886778686590837e+01 7.342150962610421772e+00 1.273316346371204943e-01
6.723748524212154187e+00 1.911978809820757874e+01 8.458437536068328377e-01
1.911825319624250286e+00 1.527647661502121723e+00 8.359047196022593162e-01
6.660256965858930123e+00 6.531869735853370607e+00 2.945001632589393514e-01
3.318731697906545097e+00 1.039582684632969434e+00 1.887751161393236288e-01
3.729906865010154116e-01 6.355006422269462996e-02 9.135872165513968524e-01
1.667802470811991356e+01 1.757085537024246413e+00 1.263379058514868536e-02
5.246417503294828144e+00 4.788138075724408083e+00 3.479132468341694651e-01
3.656575585368704306e+00 5.693143208898566066e+00 8.515947860009788206e-01
5.354024482976129207e+00 1.897978905395171223e+00 1.324221611380851371e-01
2.854926920429084358e+00 1.355463804386362048e+00 3.326043531442604007e-01
7.453235347910953656e+00 8.404308551184806575e+00 3.025814600480155603e-01
3.204624661601278568e+00 6.430531726116274216e-01 1.252340829249323217e-01
2.326097178757620654e+01 5.440412745739350697e+01 2.010972519871161435e-01
1.285125469256398034e+00 4.530582886354322381e-01 5.486470069921117743e-01
1.475804180182995973e+00 8.503757312673948521e-01 7.808783476946835611e-01
1.687451657684029627e+01 3.574272756980687138e+00 2.510469830968553584e-02
1.587127125009121009e+00 6.987147943703782005e-01 5.547617461769906999e-01
1.676171567122293027e+01 3.104204044359935466e+00 2.209750888373918087e-02
5.940295493883056110e+00 1.907144250527119445e+00 1.080929676899230474e-01
3.385996043085759410e+00 8.482410812993798066e-01 1.479709306186004492e-01
2.227240582995483109e+00 1.665548497409072182e+00 6.715108217043302963e-01
5.223506390496627239e-01 8.043358255703313142e-02 5.895805498464778971e-01
1.659621629969520562e+00 6.078313346565580311e-01 4.413619683392058235e-01
5.246611367578378093e+01 3.900927338822502293e+02 2.834262461845901138e-01
6.373157659399381059e-01 1.636372840666589501e-01 8.057548606430331439e-01
7.216895898064889536e+01 1.999246336375603732e+03 7.677068629210337392e-01
1.463600702921950658e+00 3.651709081200080198e-01 3.409423485356393169e-01
6.771422244539336077e+01 1.386953174785636236e+02 6.049674425656859089e-02
3.521201150535816282e+00 3.118561044846618113e+00 5.030400638362485521e-01
1.433969635098344675e+01 4.388519517952568805e+01 4.268429568967223586e-01
2.795722752176406534e+00 3.731013301062283016e+00 9.547036682926666185e-01
1.228971387223380951e+01 5.324676300649790051e+01 7.050820575701498560e-01
4.477846295145445410e+00 7.263472512143193116e-01 7.244958945844004461e-02
2.187069571544805857e+00 2.248993632584006530e+00 9.403575695818192637e-01
3.425278477464786864e+00 1.047147987867589780e+00 1.785033153996322675e-01
1.579123787758970110e+00 6.630478558349697238e-01 5.317928808812474317e-01
4.889031486165091422e+01 1.671948453937437407e+01 1.398966166308235337e-02
7.505366640810568590e+00 6.069678161461965260e+00 2.155022625373438361e-01
3.263221637034612144e+01 2.772940927799046449e+02 5.208077876774581672e-01
2.109364610128353412e+00 2.032859001150331135e+00 9.137637855370012163e-01
2.126463759336133208e+01 1.021734543260159001e+02 4.519101554043960522e-01
1.535738761323306001e+01 1.959803697122308108e+01 1.661911437420187099e-01
4.287881920817158132e+00 5.489678956189983694e+00 5.971608233109978459e-01
7.963303671684944796e+00 9.970763486321186919e-01 3.144646669793582650e-02
1.163680538297583134e+01 4.466198584583946740e+01 6.596301273584376235e-01
4.868757328577078880e+00 1.375986688008698833e+00 1.160935176403520286e-01
3.116666235483519287e+00 2.043959282145664247e+00 4.208444880732784554e-01
6.367510291643088127e-01 1.624203785549907242e-01 8.011820357193623066e-01
4.677814914621243325e+00 1.077882980012257619e+01 9.851798975866711272e-01
1.687416812760200102e+01 3.059303718232501357e+00 2.148858637189066112e-02
4.172344809418203937e+01 6.348674832748542940e+02 7.293780600876310638e-01
7.435947662195550034e-01 2.519391009471382281e-01 9.112822732418837113e-01
4.807922498475696749e+00 9.407299924078632358e+00 8.139169057980142341e-01
1.170037707328081211e+01 1.487830464588917323e+01 2.173620524771143758e-01
2.392414074223377263e+00 6.552482218999200470e-01 2.289618626455013350e-01
6.904347573182191056e+00 4.822205166224984296e+00 2.023160733059553573e-01
5.556309610778521701e+00 6.533389568997244545e+00 4.232487412210567124e-01
7.742424130637994395e+00 8.586001224316157643e-01 2.864620035394505049e-02
1.695987007617616449e+00 1.413726084075993095e+00 9.829925464974070826e-01
7.428580795477155441e+00 4.511017907263074278e+00 1.634906213206278602e-01
1.396409800852727034e+00 5.626565402627686785e-01 5.770953706627081070e-01
3.318109846122444306e+00 4.172560907662856700e+00 7.579685080732370128e-01
4.863715814558903361e+01 3.162413573357461587e+02 2.673697551938617467e-01
2.014568298950190695e+01 6.656472543308449019e+01 3.280274208818232395e-01
3.340634847731636992e+00 3.706384935619133625e+00 6.642361434872353643e-01
1.806330446396577250e+00 5.108482999654253565e-01 3.131320662242886854e-01
9.201007692938160787e+00 1.118546831600634484e+01 2.642490167451496674e-01
2.700464783684644932e+00 2.873102940902511726e+00 7.879599539863817448e-01
5.422166784080193480e+00 3.600348236190153983e+00 2.449225431510333451e-01
2.663496095391081342e-01 3.362995489641382868e-02 9.480956448130285485e-01
1.793419786677555550e+01 8.096388203818759166e+01 5.034512287226510230e-01
2.817773292408247254e+00 2.707237030747362549e+00 6.819368836904780018e-01
9.793124782929208294e+00 2.045771205836160345e+00 4.266232116171209121e-02
5.520047639428236508e+00 1.216544896482298022e+00 7.984955224633549786e-02
1.625879748451519724e+00 8.364777900621319651e-01 6.328598829580176499e-01
1.654614106981871169e+00 1.093493340539793302e+00 7.988269214247289973e-01
4.345909183752460492e-01 8.933738666953634777e-02 9.460235474355792595e-01
2.788840352367219833e+00 3.290540042357707140e+00 8.461548893862621545e-01
1.601918771326925395e+00 1.181870042661618658e+00 9.211253599445140550e-01
9.960568510297399314e+00 1.085714514057907421e+00 2.188655386440907513e-02
1.794923186424848494e+00 5.319814387808680101e-01 3.302438509633514041e-01
2.907984746514119756e+00 1.188626626468599401e+00 2.811196490870574438e-01
5.463732096459508192e+00 7.618051832414752589e+00 5.103817375395054423e-01
8.768048052462063424e+00 1.075642715063643706e+01 2.798286603894093449e-01
3.168453761344296016e+00 2.820587081579291944e+00 5.619203505759782225e-01
4.088191537077926796e+01 3.525475484622387512e+01 4.218763937694913757e-02
3.517586386192347447e+01 2.366112504220830033e+02 3.824510369115829977e-01
1.778273820794744164e+00 1.443955344851364897e+00 9.132432866141467764e-01
1.960989619526551486e+00 1.914093209592861555e+00 9.955028065649890179e-01
4.306632160663562914e+00 4.389326760467762156e+00 4.733172689415668932e-01
8.439099506432081910e+01 1.509854996522454712e+03 4.240069943603587133e-01
1.747071923293121358e+02 9.558317772967317069e+03 6.263107872425714984e-01
1.471089010132982544e+00 9.152091520415388259e-02 8.458092841183539878e-02
4.016052494890335112e+00 8.351354332140075165e-01 1.035590705903911557e-01
1.731294036360506494e+00 3.681450216771005590e-01 2.456446226671776811e-01
8.360413501817664184e+00 6.176639358058732654e+00 1.767366929059347447e-01
3.178947486295188973e+00 3.314287481238842314e+00 6.559239134242164093e-01
3.199721159231066991e+01 4.735307340272254351e+01 9.250259172094899007e-02
5.637248492965565738e+00 1.566769126939731649e+01 9.860538713768900454e-01
1.292718484967208425e+00 5.578809313062353947e-01 6.676726630088406500e-01
5.333516003264899830e-01 1.107821111673884668e-01 7.788833637679544175e-01
2.178772849885479257e+00 9.750348601128148163e-01 4.107960218349909765e-01
7.608377977101249412e-01 1.841687577995521630e-01 6.362998119433456168e-01
4.358135997396257899e+00 7.030978091040856803e+00 7.403621081681951432e-01
1.908848363220197797e+01 1.494285736482742664e+02 8.202019299219523996e-01
1.621151697632015498e+01 1.062508662859342365e+02 8.085654210858577162e-01
1.775767972270713102e+01 4.016452727567149772e+00 2.547418027524528394e-02
1.095740288266040707e+01 4.758445114286018879e-02 7.926469626552412606e-04
1.480183212053633346e+00 7.530024878163001922e-01 6.873777311622600861e-01
3.117385876620650365e+00 2.669517383944975286e+00 5.493911029522682288e-01
3.584831187644239137e+00 1.554008502065580721e+00 2.418499309394842589e-01
4.934550525032130963e+01 1.187155169680978339e+01 9.750845687671816364e-03
1.677726051760287218e+00 6.970757460151819629e-01 4.952994790914972967e-01
9.077374538050960950e+00 8.149373066280290345e+00 1.978033694022148792e-01
1.224365618718811000e+01 2.389840835968318444e+01 3.188428790445448913e-01
1.419142101913269505e+00 6.175796268819820911e-01 6.132974901482450836e-01
1.888314178934063392e+01 2.175827797450021350e+01 1.220410704096110965e-01
1.290577351459885724e+00 4.203374310045642215e-01 5.047310036870676919e-01
7.168629446667549132e+01 1.433165649890638861e+03 5.577686779479815726e-01
2.572444594667696816e+00 3.217893001339152459e+00 9.725446194372625586e-01
1.044650436669586790e+00 5.203951341490248295e-01 9.537207738847578442e-01
2.480871770338953652e+01 3.441522611594592718e+01 1.118335183617346074e-01
4.069922018065655678e+00 3.418974095705843208e+00 4.128132516094263904e-01
1.427311826962510999e+01 4.649852311797375570e+00 4.564901657120745693e-02
1.556513352333394451e+01 7.470709455265134302e-01 6.167173138007964184e-03
1.680648855951811349e+00 1.172476473693126353e+00 8.301950974493941260e-01
1.846108338569653640e+01 1.315299644254033637e+02 7.718631907644140089e-01
2.697557582556087574e+00 2.988888647854821556e+00 8.214824378093450452e-01
5.038459251813554474e+00 1.877803389784591381e+00 1.479396589587991251e-01
1.502704353454234143e+00 8.239596164089265651e-01 7.297747506607916712e-01
1.502344322868480120e+01 1.172825132587715835e+01 1.039260208505871086e-01
6.465020122928308854e-01 1.514668924466900657e-01 7.247829177914116849e-01
2.772539822754940264e+00 3.314334663884415999e+00 8.623245872172728976e-01
1.680666238779064159e+01 1.346095307197415814e+01 9.531096216233159168e-02
1.897518378139539053e+00 6.272539884498505858e-01 3.484186914844552563e-01
1.633329446539769858e+00 1.306979782964861947e+00 9.798312394937894743e-01
6.470593354950151532e-01 5.283000399541647185e-02 2.523611073425978679e-01
7.124955038447840394e+00 1.022844905907256319e+01 4.029726079947610895e-01
5.065254086048728510e+00 1.183832630451444956e+01 9.228217693648269604e-01
1.139236895106229852e+01 3.600198155583621684e+01 5.547896082817895813e-01
5.767071219393373305e+00 1.497831726775453021e+01 9.007046229015888139e-01
9.734724517007554923e+00 2.447030879795502756e+01 5.164426651557776360e-01
3.173887962844924360e+00 3.795341714793524446e+00 7.535250509398306873e-01
2.571386355361658271e+00 2.574367267464316988e+00 7.786922105579106024e-01
3.530687969055106734e+00 1.157039408909971367e+00 1.856348329697727895e-01
2.298218496240863384e+00 1.509946515171354475e+00 5.717536274905685723e-01
7.598236961148885804e+00 2.000264228519820620e+01 6.929337220647463491e-01
9.173864777309448382e-01 3.346499676357236885e-01 7.952727732408610972e-01
1.654084563115680639e+00 3.984138930600077955e-01 2.912386791785406270e-01
2.815903150304623459e+00 1.768889441169548826e+00 4.461647528098632298e-01
1.814819802975599750e+00 1.506784228471583331e+00 9.149851430674170727e-01
2.077894028580906216e+00 1.584642138130760047e+00 7.340310072505198402e-01
1.217343103015908135e+01 7.804993589145893251e-01 1.053359332240766388e-02
2.194386510626411990e+00 1.308638197216289045e+00 5.435297729303939507e-01
3.158918537390544845e+00 3.270898746832287873e+00 6.555717690978676293e-01
8.231922130720175090e+00 2.085917993774669199e+01 6.156370081609482403e-01
2.135867149061279058e+00 2.204839890241113043e+00 9.666262418017956826e-01
7.361205554443465138e-01 1.136945767269999935e-01 4.196351457338415303e-01
7.804572045191162211e+00 1.955907274648199490e+01 6.422144448771749392e-01
8.164978695989747237e+00 1.122349495631085148e+01 3.367037858536916506e-01
6.735900714567448766e+00 1.529880915235588823e+01 6.743669352680256024e-01
6.523758637250193892e+00 3.630906418073402531e+00 1.706275997934099120e-01
5.497977335101828622e+00 3.344111908716612902e+00 2.212610187792481975e-01
1.518159938597695380e+00 9.701674457233551152e-01 8.418634199334232848e-01
1.580686759608794789e+00 6.881221797549723629e-01 5.508126694048726124e-01
1.570471253492688124e+00 1.141260691311985820e+00 9.254540749801912769e-01
1.205934706865111616e+00 2.644664590174873875e-01 3.637081286502210631e-01
2.708588792339933882e+00 8.527847987053777112e-01 2.324787659954230534e-01
1.139311145169886519e+00 2.628987983997334577e-01 4.050735677734883522e-01
2.021345244176359746e+00 1.948128862201961908e+00 9.536009658514248422e-01
5.557465618088498260e+00 1.318315954970644199e+01 8.536816272057059507e-01
1.215894822280923293e+01 2.847416183012639657e+00 3.852023486885580716e-02
1.770459125275765100e+00 1.414564113082924957e+00 9.025698509341104625e-01
4.188608508027141575e+00 1.774042961084632219e+00 2.022341934373440564e-01
4.420894978077795301e+00 1.970660384966272716e+00 2.016607536667242018e-01
4.712070040711572538e+00 1.241235212119217390e+00 1.118048410776828483e-01
1.917051450418006064e+00 6.589602958825528933e-01 3.586094304333745653e-01
1.188816192182095932e+01 1.027952166910334242e+01 1.454700133063526746e-01
5.507359243735693077e+00 9.589701364330935007e+00 6.323365215816882934e-01
6.623859160248365185e+00 4.136376620841317298e+00 1.885505879868478729e-01
7.370984143368590935e+01 2.700892440563227410e+03 9.942287813541953456e-01
7.599431372085887482e-01 1.877650659834109448e-01 6.502533452202478026e-01
3.501747895396441379e+00 4.595266071695105481e+00 7.494987376176370786e-01
8.423599161998279072e+00 4.547348763533994642e+00 1.281719153763938301e-01
1.087176267103788803e+02 1.825049166866733401e+02 3.088194449250147855e-02
1.059801735361608976e+01 2.418273444781609172e+01 4.306120214660944523e-01
1.584572016901281133e+00 6.410565595868837896e-01 5.106253597301277924e-01
1.261662529211028616e+00 3.057406646936777217e-01 3.841464209480237590e-01
4.093910042348850808e+00 5.131182625193617675e+00 6.123093296840146360e-01
1.804316958637551593e+01 5.551266618544823928e+01 3.410330113328768897e-01
2.691255452282586003e+00 9.787598521487712588e-01 2.702690387290462848e-01
3.249420498389762990e+00 5.159659632408081009e+00 9.773254710112002641e-01
2.235074446632976120e+01 1.726758374054974468e+02 6.913175462726903753e-01
1.028796255118208158e+00 3.159152127815559319e-01 5.969552636167072546e-01
2.980456137350015133e+00 1.387888872399595908e+00 3.124778370593604970e-01
1.809192745824709680e+00 9.970451945858477272e-01 6.092214204770548536e-01
2.096540557963278761e+00 1.484062851090562463e+00 6.752673522603596101e-01
1.730029467519660802e+00 8.335108271099034294e-01 5.569731250903903197e-01
9.733995850818796258e-01 3.643254893494153879e-01 7.690192993116851117e-01
5.147044512526736781e+00 2.736567483363852027e+00 2.065952393420436017e-01
2.454089402508318418e+00 1.017050187768376190e+00 3.377470931531227905e-01
3.799893319016462989e+00 3.937686833933463859e+00 5.454166116393309727e-01
3.716850967964360208e+00 1.100202620051782487e+00 1.592767461134934059e-01
1.702617627862731187e+00 3.543214033102826677e-01 2.444517394866211335e-01
1.397201322146059299e+00 4.641976904786294655e-01 4.755705963842480344e-01
7.771292945044710798e+00 1.744879135133257719e+01 5.778415734924409186e-01
5.379840034701628415e-01 8.101179119770529624e-02 5.598085219434818516e-01
3.983590931202821039e+00 1.863657573707703685e+00 2.348803277357379704e-01
1.438772131493364581e+00 8.366940038611547781e-01 8.083745237804500494e-01
1.676137862122092814e+00 1.066406222245589452e+00 7.591597834317701521e-01
1.775647642769026291e+01 6.711189742935076197e+01 4.257120418710463872e-01
1.054935750246643167e+01 1.324227375840558985e+01 2.379800421565005930e-01
1.031512549578988036e+01 2.628185788093766106e+01 4.940114626700964351e-01
1.660798904727589331e+01 1.284050108048430161e+02 9.310604263954550541e-01
2.129385573644200225e+00 2.047569463649002941e+00 9.031502882432513868e-01
5.392177418147618972e+00 1.219593379446772197e+01 8.389125804758780225e-01
2.386983175554749703e+00 1.860220183879714329e+00 6.529736137690062003e-01
3.783512983661421636e+00 3.667061411240731594e+00 5.123393599549931343e-01
5.676328122590656555e+00 6.401564584415336157e+00 3.973572513703892417e-01
4.141516054297072813e+00 6.605929721918892827e-01 7.702740132779239968e-02
5.488728417636842494e+00 4.062266160271959414e+00 2.696838166766755140e-01
5.629193546171792129e+00 1.188370852447243387e+00 7.500489798209286629e-02
3.296470512460473845e+00 6.587514341850093658e-01 1.212420243008760501e-01
3.974081884557211897e+00 1.204903499184912130e+00 1.525838745089431736e-01
4.319271167730967420e+00 6.534747000467898914e+00 7.005478961190902965e-01
2.109135019152542867e+00 1.634443179762226084e+00 7.348370715157368505e-01
1.025265013361210897e+01 4.017505970019156081e+01 7.643886879024813785e-01
6.394334547971062932e+00 1.448957616436381279e+01 7.087530953346471430e-01
3.998523527439122649e+00 6.375776570199318538e-01 7.975607508908588716e-02
4.625564508233416028e+00 9.769468440844928381e+00 9.132116556816888275e-01
1.592530330765115920e+01 1.516359351592550020e+01 1.195794921396560184e-01
6.640529390210414551e-01 1.728025220609357426e-01 7.837447885666789515e-01
4.059731389929167023e+01 1.214128069228852524e+02 1.473329538306296094e-01
8.476254025069927422e+00 1.109219599572815085e+01 3.087732032629045831e-01
4.037866146804863554e+00 7.591594615615423258e+00 9.312347383985429827e-01
2.021608155952498986e+00 9.521355639779699453e-01 4.659451770424887229e-01
2.176593068864519420e+00 1.539586836028332018e+00 6.499496302096809952e-01
6.105092504714581025e+01 5.562637205697742502e+02 2.984875589643043448e-01
1.221014423327547282e+00 5.037096729002589202e-01 6.757229949423342319e-01
1.222594923743547612e+00 4.380771245169249872e-01 5.861589424410176274e-01
3.179872908449930424e+00 2.396271890300884611e+00 4.739653178457138294e-01
9.445428725611179743e+00 2.935423890728974072e+01 6.580478427779850037e-01
2.083953469021351879e+01 1.412949224317690380e+02 6.506995637698580470e-01
2.686725786117465375e+00 7.568166154181938943e-01 2.096881879839287421e-01
7.427698260310465761e-01 2.700012262447690214e-01 9.787848229842379677e-01
2.960692328356900660e+00 1.563738510210556543e+00 3.567858077120051874e-01
2.479994053476588522e+00 7.507213394055485267e-01 2.441223138544770244e-01
8.315344508079641983e+00 2.045869544281274344e+01 5.917624981740261525e-01
3.254288029040332653e+00 1.070632638659393399e+00 2.021894529726211420e-01
3.481730793374704813e+00 6.699358030763699068e-01 1.105281260458460535e-01
4.575849380231193919e+00 1.818077312692800263e+00 1.736596421290114156e-01
2.491766440684201811e+01 1.718523812186430177e+02 5.535678827465374541e-01
1.168843537009830413e+01 2.950101470741008924e+01 4.318711470350926618e-01
5.767295096797145249e+00 8.111859218962447216e-01 4.877598553956108418e-02
9.802744474072682124e+00 2.997316713305766811e+01 6.238314516673493237e-01
8.253574172337883041e+00 1.513018822024502263e+01 4.442119211234086817e-01
5.738249748238359871e+01 7.288508230834656842e+01 4.427002340903518629e-02
1.496141110786305362e+01 4.146916382629397901e+01 3.705187250027023316e-01
2.631413545035202528e+00 9.583706277026868836e-01 2.768122330827970101e-01
4.746536336282894952e-01 9.272874677373410535e-02 8.231723348295721943e-01
2.377014921901968236e+01 1.231607654363614444e+02 4.359518840650661309e-01
3.496477364736942928e+00 3.893513318926670852e+00 6.369571516687928536e-01
8.456863301948954970e+00 3.494947853222497258e+01 9.773544046980741085e-01
1.232080193805790280e+01 4.654761023505630391e+01 6.132667692392311798e-01
6.350396595960997814e+00 3.935337992734672108e-01 1.951687751204145282e-02
8.714170433723509746e+00 2.596695149844907391e+01 6.839098567736022760e-01
1.700233962251710640e+00 1.028334699943977970e+00 7.114544702694187706e-01
6.794862008420426314e+00 2.767295236584317308e+00 1.198737822492549343e-01
1.609214010493508624e+02 3.593018354919840931e+03 2.774992548853597585e-01
4.590935933152199055e+00 2.334346096546183080e+00 2.215097145540638746e-01
4.568126928583668089e+00 2.460500850426484476e+00 2.358181293602141793e-01
3.896313522851241995e+00 2.918126052222074662e+00 3.844379493272913617e-01
2.806423193863738952e+00 2.681595731064374100e+00 6.809527519342133406e-01
1.066103581276766477e+01 1.945239609862563768e+01 3.422979478579813994e-01
7.088863487755530990e+00 2.901989476057863726e+00 1.154975050004338755e-01
8.234690163322051504e+00 3.036475086794645506e+01 8.955816604923795277e-01
1.612227962486405541e+00 1.142396159299263081e+00 8.790100316053875984e-01
3.874645352364279649e+00 2.236909566665307381e+00 2.979987946723271497e-01
4.321420896474400308e+00 5.236553036489969948e+00 5.608185456480661024e-01
5.149681705807950927e+00 1.070370102292608294e+01 8.072409632276170699e-01
4.889385197398607552e+00 7.445192307388972530e+00 6.228699927234536693e-01
6.366701173597970609e-01 1.783501453643436263e-01 8.799835030745237763e-01
3.391839763825602372e+00 4.921446691288453579e+00 8.555632594506198396e-01
8.777006083887238574e+00 3.674836133925106907e+01 9.540588729713248561e-01
4.085980271559022547e+00 5.277697600759177377e+00 6.322399978726447323e-01
1.338282611648219245e+01 4.416776966895551659e+00 4.932189957695420901e-02
8.383716213734869527e+00 2.942027505152761080e+01 8.371505868397680628e-01
7.678110444967040316e+00 2.501397167685149014e+01 8.486017824485209138e-01
2.278424577378482141e+01 3.423283463089021694e+01 1.318874721590057586e-01
7.956651230140459496e+00 1.401860184265342113e+01 4.428677474768948352e-01
5.963768452347121496e+00 1.491621491735579852e+01 8.387780970223793764e-01
8.600053014589896350e+00 1.205586781888730030e+01 3.260064679225540551e-01
2.352756763952054353e+00 1.567219165596474006e+00 5.662466796233036614e-01
8.578012803211512605e+00 3.436546854083572811e+01 9.340688408815083221e-01
1.086230876529145384e+01 1.140639220117992458e+01 1.933454734097699301e-01
2.409229059906193626e+00 2.601072726857804884e+00 8.962440905734878616e-01
6.975901138469039608e+01 1.429822530506243538e+03 5.876401994329056855e-01
5.528236913241877382e-01 7.480042700655806232e-02 4.895091112380206555e-01
7.190553027687162313e+00 3.611289995493919935e+00 1.396907900582233797e-01
2.999163132501086437e+01 5.394590583516922777e+01 1.199467010748261897e-01
1.699485188798735535e+01 3.003890330107494933e+01 2.080076466294072945e-01
1.122614738762926390e+00 2.456769076057035983e-01 3.898817017987011857e-01
8.056908233695833133e+01 1.559721218947288435e+00 4.805517264120373611e-04
1.719371786240530753e+01 8.032080495484619576e+01 5.433985258671444329e-01
5.875697746436685520e+00 1.036628229941400470e+01 6.005292054071231789e-01
2.731178259909847128e+01 3.438811632950715591e+01 9.220156426973269426e-02
1.749014206646774738e+01 1.233427864555178388e+01 8.064121765292364685e-02
1.780346897806423812e+01 6.131318585710521241e+00 3.868785167802268887e-02
1.568664147762101058e+00 9.174497403782865268e-01 7.456797275342368359e-01
7.753214346981675220e+00 8.654195970287686279e+00 2.879341253317592164e-01
5.593153456504753596e-01 1.421489537853636576e-01 9.087829976953649691e-01
1.013277266189984793e+01 5.699556774607017040e+00 1.110233894551699851e-01
1.258698885785232768e+01 1.914601639509128717e+01 2.416933640917637849e-01
2.081854320280767112e+00 1.727233144499803474e+00 7.970403109833682498e-01
5.093480670088667672e+00 3.215276207488793503e+00 2.478671411926824941e-01
1.580834602724147544e+02 1.124942223430582544e+03 9.003001994350601223e-02
2.508684132725695015e+00 2.144416715074218160e+00 6.814707401318836899e-01
1.922051624103858991e+00 6.387914575768721681e-01 3.458270811517907273e-01
2.740290359941976561e+00 3.406011706344124867e+00 9.071580653279809336e-01
5.022731397272353071e-01 4.647437521295964824e-02 3.684373483048283271e-01
1.603802945391129553e+00 1.138953631145701362e+00 8.855926954649970817e-01
1.670338508096504526e+01 1.831654363707180044e+00 1.312999418208593561e-02
2.382001630318701935e+00 1.354877502971324255e+00 4.775797660766275543e-01
3.687587154969951264e+00 2.920309878274331084e+00 4.295110546985617672e-01
9.256684132258933273e-01 3.976745426620914570e-01 9.282113979698493056e-01
1.440378988195560517e+01 1.561495204892035815e+01 1.505279322080793625e-01
3.768217036449855950e+00 5.920478220072237008e+00 8.339019051095539758e-01
1.355487697276076098e+01 2.748791954142981098e+01 2.992131706791805179e-01
6.812903832787191583e+00 1.111993959156418477e+01 4.791460433236429672e-01
1.125628732887019812e+00 6.212633745385410799e-01 9.806531014279962211e-01
2.546817484724070102e+00 4.613052885682886184e-01 1.422403406319540098e-01
4.605014052470597363e+00 6.073754487618828080e+00 5.728294122862672699e-01
3.210521646232098902e+00 1.072247928049606225e+00 2.080530115622273302e-01
9.759880891424829841e+00 3.444607457894858227e-01 7.232371031125950367e-03
7.565501094330218557e+00 7.801031610525682503e+00 2.725879393185451915e-01
6.529027280208838935e-01 2.034566962794031875e-01 9.545639249162902740e-01
1.366210470903679841e+01 1.546765383468432731e+01 1.657369035248360545e-01
1.119198357715428926e+01 3.177934175254148030e+01 5.074120360064441337e-01
2.404215785588250753e+01 7.313055581346345946e+01 2.530358063394205770e-01
5.211645786563655847e+00 4.046876451084827409e+00 2.979889498611733023e-01
5.019981755392405987e+00 2.472761575934565137e+00 1.962492301679878981e-01
4.766151373173140193e+00 5.450469451658471520e+00 4.798751298818018096e-01
2.014186545650591409e+00 1.690508393909440077e+00 8.333893493212939374e-01
1.324110778678487463e+02 2.117038277213098070e+02 2.414960681456645997e-02
2.563331048927434963e-02 1.458040134416240365e-04 4.438028411984421551e-01
1.039426432519927390e+00 2.116269446175962354e-01 3.917540041221868607e-01
2.105315109915610439e+00 1.771722725539288446e+00 7.994504230009570334e-01
2.359799581025154858e+00 1.705311079475582137e+00 6.124679537652530925e-01
3.947665386036498081e+00 7.257447867702108368e+00 9.313936081171338977e-01
5.053994025568908199e+00 6.596027760524251882e+00 5.164675290116239603e-01
3.993788562009917342e+01 3.891106852621491043e+02 4.879024680257091351e-01
4.226512324243414831e+00 6.870999941400905087e+00 7.692821600949213412e-01
1.723434830149368935e+00 1.311135576350729748e+00 8.828519203521093539e-01
1.239804942301839574e+00 6.563236712946453055e-01 8.539674889249728729e-01
2.574169703123233788e+00 2.655209336366116446e+00 8.014093648582850671e-01
2.625239966021801763e+01 9.164623690332898320e+01 2.659540561391143809e-01
7.998311420241895897e-01 2.736167971152857481e-01 8.554135613813749206e-01
2.007575586617874386e+00 1.293311372727788955e+00 6.417845837336889625e-01
8.034979142684795406e+00 1.175190662602065039e+01 3.640565258059649256e-01
1.729755801305475238e+00 1.106856460715124557e+00 7.398636801988278666e-01
