8.607677569026950248e-01 2.425436639866858979e+00 8.935989372113167795e-01
2.251790447808316720e-01 2.249451118614649303e+00 2.679744719911851814e+00
1.600048559100905321e-01 2.358479174264767331e-01 1.231397843160970007e+00
8.659247246051633429e-01 1.273457255466560745e-01 1.120324403572807048e+00
1.711048607783196285e-01 4.172969300832111150e-01 1.402399109795039900e+00
4.693020509448288635e+00 1.985033088930630019e-01 1.106042442735619913e+00
6.953305460595443854e+00 2.311470920447160904e-01 1.045393089245202356e+00
1.996191575647347782e-01 4.808713265322572816e-01 1.457791635739577263e+00
1.799054558917037694e+00 5.082881169166650892e-01 1.275889118668868116e+00
3.276853827072832015e-01 1.173868793491910978e+00 1.948098816893158336e+00
