0.000000000000000 0.000000000000000 0.000000000000000
0.000000000000000 1.000000000000000 0.000000000000000
0.000000000000000 2.000000000000000 0.000000000000000
1.000000000000000 0.000000000000000 -0.841470984807897
1.000000000000000 1.000000000000000 -0.386822271395056
1.000000000000000 2.000000000000000 0.067826442017785
2.000000000000000 0.000000000000000 -0.909297426825682
2.000000000000000 1.000000000000000 -1.287698674479646
2.000000000000000 2.000000000000000 -1.666099922133610
3.000000000000000 0.000000000000000 -0.141120008059867
3.000000000000000 1.000000000000000 -0.280827757159330
3.000000000000000 2.000000000000000 -0.420535506258793
4.000000000000000 0.000000000000000 0.756802495307928
4.000000000000000 1.000000000000000 1.251481618619619
4.000000000000000 2.000000000000000 1.746160741931310
5.000000000000000 0.000000000000000 0.958924274663138
5.000000000000000 1.000000000000000 0.686913719218454
5.000000000000000 2.000000000000000 0.414903163773769
6.000000000000000 0.000000000000000 0.279415498198926
6.000000000000000 1.000000000000000 0.011129039198708
6.000000000000000 2.000000000000000 -0.257157419801509
7.000000000000000 0.000000000000000 -0.656986598718789
7.000000000000000 1.000000000000000 -0.161682920871354
7.000000000000000 2.000000000000000 0.333620756976081
8.000000000000000 0.000000000000000 -0.989358246623382
8.000000000000000 1.000000000000000 -1.133309904955914
8.000000000000000 2.000000000000000 -1.277261563288447
9.000000000000000 0.000000000000000 -0.412118485241757
9.000000000000000 1.000000000000000 -0.787612108627595
9.000000000000000 2.000000000000000 -1.163105732013433
10.000000000000000 0.000000000000000 0.544021110889370
10.000000000000000 1.000000000000000 1.000493736253184
10.000000000000000 2.000000000000000 1.456966361616997
